1	0	8	15
1	3	17	27
1	3	336	346
1	2	1184	1191
1	2	1454	1461
1	3	1536	1567
1	3	1604	1613
1	1	1763	1782
1	1	1861	1893
1	1	2258	2287
1	3	2377	2389
1	2	2515	2522
1	2	3164	3171
1	8	3284	3302
1	2	3532	3539
1	0	3568	3579
1	0	3581	3588
1	0	3590	3599
1	2	3625	3632
1	2	3657	3664
1	5	3875	3901
1	0	3892	3901
1	6	3902	3914
1	0	3934	3944
1	0	4639	4650
2	0	658	700
2	9	1655	1745
2	0	1870	1893
2	0	2389	2418
3	0	1027	1045
3	5	1962	2033
3	0	2056	2060
3	2	2959	2964
3	0	3081	3112
3	1	3313	3330
3	4	4001	4406
3	0	4189	4199
4	0	53	78
4	0	459	491
4	1	1894	1919
4	3	2009	2030
4	8	2148	2171
4	0	3212	3231
4	0	4056	4071
4	2	4416	4439
4	0	4736	4756
4	4	5762	5843
4	4	5939	6056
4	1	6861	6881
4	4	7380	7572
4	1	8063	8083
4	4	8517	8597
4	8	8985	9015
4	9	9135	9210
4	1	9255	9271
4	7	9306	9433
4	2	9840	9870
4	3	10444	10485
4	6	10867	10940
4	0	11058	11070
4	6	11625	11705
4	2	11722	11746
4	0	11837	11843
4	8	11848	11871
5	1	284	303
5	0	602	612
5	2	709	776
5	0	1607	1613
5	2	1867	1871
5	2	1905	1909
5	1	2098	2104
5	2	2567	2572
5	2	2614	2619
5	0	2635	2656
5	2	2687	2692
5	1	2708	2715
6	3	350	384
6	0	355	368
6	3	743	749
6	1	2806	2821
6	3	3247	3264
6	6	3268	3275
6	0	3436	3444
6	0	3626	3633
6	0	5824	5839
6	0	6014	6022
6	0	6039	6060
7	1	0	9
7	1	32	47
7	0	80	89
7	0	94	101
7	0	139	143
7	3	163	168
7	0	169	177
7	8	207	212
7	1	222	239
7	3	241	244
7	6	1033	1074
7	0	1760	1771
7	0	1857	1864
7	8	2200	2223
7	0	2634	2637
7	6	2921	2934
7	1	2964	2977
7	8	3260	3278
7	0	3903	3912
7	0	3917	3921
8	1	77	99
8	1	111	143
8	5	131	143
8	1	177	187
8	0	305	313
8	1	996	1019
8	5	1201	1299
8	5	1493	1605
8	1	1525	1551
8	0	1572	1583
8	0	1767	1771
8	1	1872	1889
8	8	1967	1987
8	0	2174	2182
8	2	2616	2621
8	2	2689	2694
8	2	2747	2752
8	2	2787	2792
8	1	2798	2811
8	0	2982	2991
8	0	3309	3315
8	8	3787	3804
8	1	3837	3860
8	1	4268	4313
8	1	4606	4636
8	1	4720	4739
8	0	5914	5927
8	0	6102	6112
9	1	300	319
9	0	483	504
9	1	572	654
9	0	601	654
9	1	726	735
9	0	866	887
9	8	866	887
9	0	926	961
9	7	1192	1265
9	1	1304	1325
9	13	1338	1615
9	3	1361	1404
9	0	1370	1385
9	0	1586	1596
9	0	1653	1691
9	3	1698	1738
9	0	1711	1720
9	5	1740	2022
9	1	1811	1846
9	0	1817	1846
9	3	1852	1943
9	0	1971	1981
9	10	2060	2284
9	1	2183	2225
9	8	2286	2330
9	8	2944	2962
9	2	2944	2954
9	2	2964	2974
9	0	2997	3009
9	2	3011	3021
9	2	3051	3061
9	2	3177	3187
9	1	3233	3317
9	0	3254	3261
9	0	3373	3388
9	0	3485	3494
9	3	3534	3578
9	2	3591	3599
9	7	4363	4517
9	1	4434	4471
9	0	4434	4438
9	5	4907	5047
9	2	5135	5138
9	7	5145	5206
9	4	5425	5738
9	1	5514	5522
9	5	5821	5941
9	0	6315	6393
9	0	6561	6601
9	7	6832	6905
9	0	7243	7257
9	1	7410	7450
9	7	7580	7638
9	1	7820	7867
9	1	7877	7917
9	3	8632	8678
9	0	8867	8878
9	0	8883	8903
9	0	8935	8952
9	3	9113	9135
9	0	9347	9401
9	3	9347	9373
9	3	9661	9717
9	0	9663	9717
9	0	9794	9804
9	0	9815	9842
9	7	10488	10673
9	1	10905	10959
9	1	10993	11030
9	1	11035	11072
9	0	13309	13331
9	2	13333	13358
9	0	13520	13530
9	1	13920	13988
9	2	14442	14467
9	0	14823	14844
9	2	14834	14844
9	0	14986	15028
9	5	15632	15697
9	2	16466	16470
9	2	16519	16523
9	2	16549	16553
9	0	16614	16639
9	13	17034	17229
9	0	17440	17457
9	0	17788	17830
9	0	17980	18035
9	8	18812	18834
10	1	331	343
10	0	495	507
10	1	590	623
10	1	670	679
10	0	681	696
10	1	1011	1032
11	1	4	21
11	0	108	136
11	4	573	684
11	0	863	880
11	3	1206	1255
11	1	1211	1223
11	0	1714	1719
11	1	2978	3007
11	3	3878	3907
11	0	4007	4020
12	1	436	448
12	5	766	778
12	5	817	871
12	1	1100	1113
12	1	1174	1184
12	0	1264	1323
12	0	1350	1391
12	4	1392	1436
12	4	1491	1628
12	0	1917	1925
12	4	1934	1978
12	7	2228	2300
12	4	2302	2342
12	5	2474	2686
12	4	3125	3182
12	5	3463	3515
12	4	4586	4691
13	0	43	58
13	0	163	181
13	0	651	667
13	3	1518	1578
13	3	2569	2608
13	3	3122	3215
13	0	3320	3339
13	4	3521	3559
13	4	3561	3685
13	0	3903	3930
13	0	4034	4065
13	4	4113	4228
13	0	4671	4685
13	1	4714	4724
14	4	114	247
14	9	249	366
14	0	455	470
14	0	486	507
14	5	488	515
14	0	564	590
14	9	1294	1402
14	0	1679	1711
14	0	1925	1969
14	9	2060	2180
14	0	2584	2601
14	0	2640	2674
14	2	2663	2674
14	2	3475	3482
14	0	3535	3553
14	0	3586	3670
14	3	3594	3609
14	2	3655	3670
14	2	3695	3702
14	4	3742	3775
14	0	3796	3808
14	2	3796	3808
14	4	3858	4015
14	12	3858	3903
14	2	4062	4076
14	12	4091	4184
14	2	4196	4208
14	2	4238	4248
14	2	4253	4264
14	0	4332	4343
14	2	4332	4343
14	0	4431	4441
14	2	4431	4441
14	12	4462	4596
14	5	4525	4596
14	0	4525	4558
14	2	4546	4558
14	0	4626	4653
14	2	4641	4653
14	12	4655	4754
14	2	4718	4729
14	0	4718	4729
14	12	4756	4842
14	2	4777	4788
14	0	4777	4788
14	2	4859	4871
14	2	4894	4905
14	0	4972	4983
14	0	5109	5144
14	2	5133	5144
14	3	5319	5340
14	0	5425	5456
14	2	5569	5583
14	12	5602	5736
14	7	5743	5861
14	2	5863	5872
15	5	247	384
15	2	1502	1516
15	0	2251	2318
15	0	2393	2447
15	0	2677	2703
16	4	149	157
16	9	265	323
16	2	1069	1091
16	5	1334	1462
16	5	1577	1616
16	9	1795	1935
16	5	1856	1910
16	5	2023	2086
17	2	351	361
17	5	354	381
17	4	383	522
17	3	459	522
17	1	802	829
17	3	1648	1670
17	0	1924	1933
17	0	2277	2320
18	0	122	133
18	7	241	318
18	0	477	490
18	7	505	678
18	7	1329	1525
19	6	53	119
19	0	82	92
19	1	97	119
19	1	333	358
19	7	374	513
19	1	379	398
19	1	520	534
19	6	661	727
19	0	690	700
19	1	705	727
19	9	1299	1432
19	9	1434	1509
19	1	1477	1499
19	0	1551	1569
19	6	1575	1649
19	1	1575	1627
19	0	1617	1627
19	1	1632	1649
19	0	1723	1748
19	1	2843	2866
19	3	3002	3053
19	0	3612	3630
19	0	3733	3744
19	0	3780	3855
19	3	3911	3965
19	0	3953	3965
19	4	3979	4158
19	1	4002	4035
19	1	4095	4115
19	2	4131	4145
19	0	4147	4158
20	0	1473	1482
21	1	0	11
21	1	58	107
21	9	567	596
21	0	807	817
21	5	819	867
21	5	1049	1061
21	9	1118	1153
21	5	1249	1274
21	5	1408	1481
21	1	1893	1906
21	5	2451	2607
21	5	2654	2682
21	9	3126	3198
21	0	3256	3272
21	2	3302	3380
21	2	3389	3440
21	2	3494	3620
21	9	3494	3577
21	5	3580	3620
21	5	3687	3743
22	0	815	827
22	0	1017	1030
22	0	1994	2001
22	6	2046	2055
23	0	603	661
23	0	1020	1094
23	0	3276	3379
23	0	3471	4010
23	11	3987	4010
23	0	4376	4395
23	0	4478	4500
23	0	7026	7097
23	10	7971	8295
23	10	8298	8642
23	13	9373	9584
23	5	9586	9819
23	10	10661	10866
23	0	11102	11126
23	0	12634	12736
23	5	12738	12848
23	11	13456	13555
24	4	0	32
24	12	305	337
24	5	355	448
24	5	904	1003
24	0	1183	1219
24	4	2154	2259
24	4	2380	2444
24	0	5170	5182
24	0	5405	5427
24	4	5443	5542
24	0	6962	7084
24	5	7086	7235
25	3	118	137
25	0	189	228
25	0	319	349
25	3	459	515
25	12	517	629
25	10	918	1208
25	5	918	1206
25	1	1223	1265
25	0	1223	1254
25	1	1799	1804
25	0	2585	2611
25	9	2702	2827
25	5	2770	2829
25	3	3015	3033
25	1	3015	3031
25	0	3048	3065
25	0	3488	3503
25	0	3579	3602
25	0	3665	3744
25	13	3912	4039
26	0	105	113
26	0	2509	2520
26	0	2563	2570
27	0	4321	4333
28	0	17	29
28	0	164	189
28	4	235	540
28	1	289	337
28	3	428	540
28	4	542	815
28	4	818	864
28	4	1072	1471
28	0	1522	1544
28	1	2005	2013
28	1	2523	2591
28	0	3558	3571
28	4	3625	3833
28	4	4067	4253
28	1	4633	4641
28	0	4790	4809
28	4	4811	5022
28	4	5229	5425
28	2	5341	5349
28	1	5452	5475
28	1	5603	5611
28	1	5900	5908
28	4	5911	6223
28	4	6225	6517
28	3	6304	6340
28	9	6519	6893
28	4	6895	7094
28	4	7358	7699
28	1	7423	7429
28	1	7601	7699
28	4	7730	7943
28	0	8140	8161
28	1	8258	8319
28	4	8322	8539
28	1	8336	8373
28	1	8384	8451
28	0	8526	8539
28	4	8542	8609
28	4	8612	8882
28	1	8680	8697
28	0	8701	8717
28	0	8763	8785
28	1	8901	8916
28	4	8992	9182
28	1	9355	9384
28	4	9697	9902
28	1	9840	9902
28	4	9904	10373
28	0	10066	10099
28	1	10211	10233
28	4	10400	10690
28	4	10692	11116
28	1	10748	10857
28	0	10906	10920
28	1	10990	11043
28	1	11057	11116
28	4	11118	11371
28	1	11246	11265
28	4	11373	11600
28	1	11422	11458
28	4	11633	12081
28	1	11674	11689
28	1	11752	11851
28	1	11959	12081
28	3	12009	12081
28	4	12083	12537
28	1	12089	12114
28	1	12245	12262
28	1	12476	12537
28	4	12539	12845
28	1	12674	12703
28	4	12848	13150
28	1	12937	12954
28	0	13080	13090
28	1	13296	13408
28	4	13410	13637
28	1	13458	13472
28	4	13639	13958
28	0	13763	13776
28	7	13960	14071
28	1	14041	14071
28	0	14126	14141
28	1	14150	14173
28	1	14251	14285
28	1	14371	14434
28	1	14497	14545
28	7	14571	14689
28	2	14610	14619
28	1	14820	14844
29	3	354	431
29	1	354	401
29	0	710	728
29	1	919	944
29	7	1056	1230
29	1	1089	1151
29	1	1152	1230
29	3	1176	1230
29	3	1323	1364
29	0	1375	1400
29	0	1457	1487
29	3	1517	1612
29	5	1784	1912
29	0	2070	2192
29	3	3626	3696
29	3	3742	3961
29	0	3759	3789
29	0	3800	3846
29	0	4083	4117
29	0	4947	4961
29	4	5439	5564
29	0	5654	5675
29	4	5725	6014
29	0	5992	6014
29	4	6016	6191
29	1	6212	6281
29	4	6988	7139
29	4	7141	7331
29	4	7413	7594
29	4	8170	8296
29	6	8298	8326
29	1	8985	9026
29	7	9064	9214
29	6	9520	9593
29	6	9616	9982
29	1	9968	9982
30	0	13	33
30	0	258	277
30	0	1194	1252
30	0	1408	1421
30	3	1944	1954
30	0	3065	3084
30	0	3136	3156
30	0	3173	3189
30	0	3277	3297
30	5	3700	3872
30	7	3894	4008
30	0	3973	3992
30	6	4373	4389
30	0	4573	4625
30	0	4626	4665
30	0	4738	4768
30	7	4985	5098
30	0	5391	5412
30	0	5627	5646
30	0	5647	5678
30	0	5745	5779
31	6	132	142
31	10	254	348
31	6	272	285
31	1	573	584
31	4	937	1001
31	10	1667	1713
31	0	1728	1734
31	6	2558	2561
31	10	2859	2916
31	2	3722	3734
31	2	4015	4028
31	0	4380	4391
31	2	5779	5788
31	10	6379	6427
31	6	6646	6649
31	0	6832	6852
31	0	6958	6981
31	12	7265	7459
31	4	7479	7513
31	4	7514	7597
31	7	7652	7700
32	8	492	515
32	1	741	768
32	0	812	822
32	9	866	886
32	0	1121	1145
32	0	1202	1237
32	2	1964	1972
32	0	2043	2061
32	0	2144	2171
32	1	2231	2244
32	0	2773	2797
32	4	3473	3704
32	0	3981	4021
32	0	4339	4360
32	4	4513	4620
32	4	4977	5036
32	2	5626	5635
32	4	7400	7497
32	0	8857	8869
32	0	8987	8998
32	3	9194	9245
32	0	9213	9217
32	7	9351	9443
32	0	9447	9470
32	6	9516	9568
32	0	9564	9568
32	5	9666	9762
32	3	9702	9762
32	0	9784	9807
32	0	9878	9895
32	3	10043	10068
32	4	10304	10354
32	1	10304	10321
32	3	10409	10636
32	2	10562	10567
32	6	10579	10636
32	1	11178	11218
33	0	647	654
33	0	813	829
33	6	1268	1279
33	5	1386	1410
33	3	2257	2270
33	0	2305	2314
33	10	2321	2402
33	0	2468	2475
33	1	3386	3402
33	6	3459	3469
33	5	3711	3748
33	0	4103	4111
34	1	184	203
34	0	215	251
34	1	288	307
34	1	363	386
34	0	459	502
34	1	542	563
34	0	682	705
34	7	838	1019
34	3	1109	1160
34	1	1195	1219
34	1	1266	1285
34	0	1356	1370
34	1	1471	1505
34	7	1709	1881
34	1	1801	1817
34	1	1961	1980
34	7	2110	2257
34	3	2263	2357
34	0	2270	2288
34	1	2458	2492
34	0	2707	2728
34	3	2867	2897
34	4	3103	3203
34	13	3152	3178
34	1	3557	3572
34	1	3582	3597
34	1	4007	4032
34	2	4019	4032
34	0	4104	4173
34	1	4193	4225
34	0	4412	4433
34	0	4630	4648
34	0	4710	4757
34	0	5243	5248
34	1	5252	5303
34	0	5467	5544
34	6	5508	5544
34	1	5606	5625
34	3	5667	5770
34	0	5908	5915
34	1	5916	5942
34	0	6064	6087
34	1	6166	6190
34	0	6195	6208
34	0	6460	6489
34	0	6530	6548
34	6	6739	6811
34	13	6739	6759
34	5	6813	7147
34	1	6931	6948
34	0	7092	7110
34	13	7114	7130
34	6	7149	7200
35	3	157	257
35	0	157	176
35	4	695	720
35	0	727	741
35	0	1440	1451
35	11	1559	1592
35	4	1944	2030
36	0	71	103
36	0	238	265
36	0	278	285
36	5	697	822
36	0	933	954
36	1	1016	1029
36	1	1125	1141
36	0	1280	1292
36	0	1696	1718
36	1	1805	1832
36	0	1868	1883
36	5	1999	2059
36	4	2180	2228
36	8	2765	2780
36	0	2802	2816
36	0	3153	3163
36	13	3221	3359
36	3	3827	3881
36	1	3883	3911
36	2	3895	3911
36	3	4058	4124
36	1	4064	4103
36	0	4398	4405
36	1	4454	4480
36	0	4493	4508
36	4	4965	5082
37	0	15	29
37	4	220	273
37	4	1242	1270
37	2	1963	1994
37	6	2027	2040
37	7	2445	2696
38	0	84	97
38	0	102	109
38	0	180	190
38	0	207	214
38	0	326	336
38	0	352	365
38	1	382	395
38	1	398	413
38	0	723	731
38	3	804	811
38	1	823	865
38	10	1031	1068
38	0	1191	1201
38	1	1977	1992
38	0	2660	2671
38	0	2728	2739
38	0	2897	2908
38	0	2912	2923
38	8	2953	2997
38	0	3396	3416
38	0	3437	3445
38	0	3738	3748
38	0	4008	4014
38	2	4030	4038
38	1	4152	4169
38	0	4224	4230
38	0	4256	4264
38	2	4339	4352
38	2	4531	4546
38	0	4635	4643
38	0	4752	4768
38	0	4882	4899
38	0	5174	5186
38	3	5244	5262
38	2	5281	5289
38	3	5369	5378
38	6	5904	5916
38	2	5938	5950
38	1	6920	6937
38	3	6957	6971
38	1	7314	7324
38	2	7700	7708
39	1	0	21
39	0	99	132
39	8	293	316
39	1	346	364
39	0	765	789
39	1	1403	1416
39	2	1574	1584
39	0	1921	1958
39	1	3035	3058
39	1	3134	3152
39	0	3372	3379
39	4	3391	3531
39	1	3403	3422
39	12	3561	3662
39	1	3665	3681
39	1	3723	3737
39	1	3768	3778
39	1	3882	3913
39	1	3929	3943
39	1	6168	6181
39	0	6390	6401
39	0	6917	6953
39	0	7430	7444
39	1	7606	7656
39	0	7693	7720
39	4	7876	7973
39	1	8359	8403
39	1	8431	8482
39	1	8696	8732
39	0	8846	8881
39	7	8998	9127
39	1	9013	9051
39	1	9833	9851
39	5	10617	10703
39	0	10617	10650
40	3	717	760
40	12	1547	1746
40	4	1551	1562
40	4	1613	1620
40	4	2318	2351
40	10	2352	2497
40	5	2400	2497
40	6	2726	2788
40	4	2805	2868
40	5	3073	3255
40	10	3073	3131
40	1	3549	3559
40	6	3963	4080
40	5	4210	4440
40	1	4510	4530
40	13	4657	4709
41	9	3416	3671
41	2	3416	3475
41	1	3568	3595
41	6	3648	3663
41	2	3879	4010
41	6	4259	4277
41	2	4286	4299
41	6	4305	4350
42	1	122	142
42	3	256	269
42	9	893	970
42	0	912	934
42	9	1087	1168
42	0	1144	1166
42	12	1877	1887
42	1	2138	2169
42	9	2415	2466
42	3	2486	2532
43	2	1114	1127
43	0	1639	1676
43	0	2047	2092
43	2	2179	2193
43	0	2223	2237
43	2	2272	2286
43	2	3388	3402
43	9	3668	3773
43	2	3908	3922
43	1	3994	4051
43	10	4140	4186
44	9	91	149
44	9	719	792
45	3	0	27
45	12	254	280
45	12	854	1029
45	0	1164	1250
45	2	1189	1195
45	2	1212	1218
45	0	1308	1369
45	8	1381	1441
45	0	1652	1693
45	2	1686	1693
45	11	1698	1715
45	10	1779	1815
45	0	1817	1860
45	0	2132	2168
45	9	2189	2255
45	0	2228	2255
45	9	2313	2432
45	0	2397	2416
45	9	2435	2644
45	0	2689	2708
45	3	3305	3356
45	5	3534	3609
45	4	3631	3710
45	0	3724	3752
45	3	4431	4544
47	5	171	231
48	1	105	160
48	0	194	213
48	11	1475	1502
48	0	2033	2058
48	0	2159	2184
48	0	2200	2220
48	0	2264	2288
48	11	2291	2311
48	0	2291	2310
48	3	2357	2419
48	2	2649	2670
48	0	2833	2845
48	6	2888	3071
48	1	2902	2914
49	0	62	87
49	1	158	178
49	0	213	219
49	1	493	501
49	1	618	632
49	2	1069	1080
49	2	1158	1169
49	2	1302	1313
49	2	1401	1412
49	2	1442	1450
49	2	1510	1521
49	2	1552	1560
49	2	1648	1659
49	2	1692	1700
49	2	1730	1741
49	2	1928	1936
49	2	1968	1979
49	2	2014	2022
49	2	2047	2058
49	2	2079	2087
49	2	2165	2173
49	3	2199	2232
49	8	2292	2309
49	8	2330	2347
49	0	2406	2416
49	0	3211	3235
49	0	3569	3579
49	0	3660	3666
49	1	3764	3772
49	0	4068	4072
49	2	4242	4253
49	1	4470	4486
49	0	4597	4608
49	0	5003	5046
49	2	5626	5634
49	0	5708	5730
49	0	6079	6086
49	8	7146	7169
49	0	8954	8962
49	2	9089	9097
49	0	9139	9151
49	0	10077	10084
49	0	10215	10228
49	5	10276	10313
49	8	10637	10672
49	8	10674	10720
49	8	10722	10735
50	0	379	414
50	0	473	497
50	0	516	541
50	1	822	856
50	5	1153	1404
50	0	1227	1248
50	4	1703	1809
50	4	1845	1910
50	0	2059	2073
50	4	2110	2395
50	0	2110	2135
50	3	2439	2522
50	4	2951	3087
50	4	3090	3262
50	0	3501	3507
50	9	3740	4317
50	4	3824	3919
50	0	3959	3966
50	4	4085	4285
51	0	1024	1054
51	4	1093	1129
51	4	1410	1478
51	7	1606	1713
51	1	1730	1747
51	12	2196	2464
51	4	2850	2879
51	12	2928	3027
52	10	334	599
52	1	1336	1357
52	4	1756	1825
52	1	1978	2012
52	5	2086	2195
52	8	2086	2104
52	6	2213	2316
52	8	2338	2369
52	1	2666	2695
52	0	3110	3157
52	7	3160	3223
52	1	3274	3311
52	4	3323	3431
52	1	3566	3594
52	4	3596	3661
52	7	3663	3706
52	1	3749	3790
52	0	3877	3901
52	7	3985	4063
52	1	4074	4086
52	4	4088	4269
52	0	4203	4229
52	6	4290	4332
52	1	4301	4332
52	0	4559	4593
52	4	4650	4767
52	4	4805	4932
52	2	4811	4823
52	0	5059	5103
52	7	5150	5259
52	1	5348	5370
52	1	5401	5427
52	0	5463	5493
52	7	5608	5821
52	0	5946	5975
52	0	6050	6080
52	0	6086	6118
52	0	6310	6391
52	3	6343	6391
52	1	6411	6428
53	0	70	77
53	2	78	93
53	2	1041	1054
53	2	1290	1305
54	3	112	162
54	3	1452	1494
55	0	145	161
55	4	165	218
55	0	165	196
55	0	599	620
55	4	2792	2857
55	3	2963	2970
55	4	3709	3784
55	0	3735	3766
55	4	3785	3878
55	4	3883	3931
55	4	3932	3984
56	0	145	162
56	3	175	229
56	0	485	498
56	0	526	549
56	2	729	738
56	4	1834	1922
57	1	35	48
57	3	62	105
57	3	246	287
57	1	291	304
57	0	1864	1879
57	0	1947	1972
57	12	2107	2120
57	1	2378	2397
57	0	2378	2385
57	1	2791	2808
57	0	3175	3197
57	0	4046	4083
57	0	4136	4157
57	0	4330	4352
57	3	5051	5127
57	0	6682	6692
57	1	7183	7194
57	1	7412	7426
57	4	7945	8168
57	0	8127	8143
57	0	9136	9185
57	0	9251	9263
57	0	10685	10700
58	0	229	239
58	0	253	261
58	10	263	321
58	1	560	580
58	0	1149	1157
58	0	1282	1289
58	0	1453	1461
58	0	1690	1697
58	1	2253	2262
58	7	2333	2370
58	1	3309	3321
58	0	5285	5302
58	0	5633	5662
58	1	5753	5769
58	0	6583	6599
58	0	6893	6901
58	0	7156	7178
58	2	7450	7480
58	8	7573	7580
59	1	13	26
59	3	59	87
59	2	350	363
59	0	476	492
59	0	708	731
59	3	737	793
59	1	1060	1069
59	2	1154	1166
59	0	1184	1195
59	2	1371	1385
59	1	1405	1412
59	0	1840	1851
59	0	1886	1889
59	12	1940	1987
59	0	2670	2689
59	2	2989	2998
59	0	3519	3524
59	0	3593	3598
60	4	1115	1140
60	4	2630	2685
60	4	3585	3632
61	6	94	185
61	0	168	176
61	5	475	627
61	0	740	764
61	0	899	910
61	0	4245	4276
61	0	4927	4932
61	0	5185	5194
61	0	5557	5572
62	0	35	61
62	1	65	97
62	4	99	111
62	0	113	131
62	1	133	182
62	1	194	205
62	3	304	327
62	0	348	361
62	1	402	414
62	3	418	481
62	3	528	557
62	0	1184	1219
62	0	1226	1278
62	0	1342	1360
62	1	1369	1389
62	1	1606	1621
62	2	1606	1616
62	1	1777	1817
62	0	2042	2063
62	4	2064	2224
62	0	2380	2397
62	3	2987	3010
63	6	1530	1634
63	0	1684	1706
63	0	1801	1821
63	1	2955	2970
63	0	3239	3255
63	4	3517	3611
63	10	4016	4053
63	6	4400	4438
63	6	4439	4598
63	0	4552	4598
63	4	4599	4659
64	6	962	1016
64	6	1019	1053
64	5	1190	1224
64	5	1226	1280
64	6	1973	2004
64	0	2063	2092
64	5	2237	2323
64	8	2434	2444
64	1	2784	2797
64	0	2798	2832
64	13	3450	3514
65	0	105	114
65	0	575	579
65	0	700	706
65	5	1462	1498
65	0	2185	2199
65	0	3165	3173
66	0	265	281
66	3	550	604
66	0	906	972
66	3	1121	1165
66	8	1363	1383
66	3	1705	1727
66	3	1743	1762
66	3	1829	1850
66	5	2221	2323
66	0	2351	2365
66	0	2626	2644
66	0	3360	3405
66	0	3635	3674
66	0	3916	3967
66	12	4042	4181
66	5	4652	4751
66	1	4879	4904
66	5	5077	5172
66	10	5174	5329
66	0	5409	5463
67	3	0	59
67	1	0	9
67	0	115	167
67	12	171	181
67	0	740	759
68	4	1658	1763
68	0	1668	1688
68	8	2760	2775
68	3	3131	3159
68	5	3704	3867
68	12	3870	3977
69	11	466	516
69	13	1338	1519
69	7	1978	2039
69	13	2300	2344
69	0	2482	2504
69	0	2686	2706
70	2	3812	3831
71	1	1	16
71	0	259	300
71	2	729	736
71	4	827	898
71	1	1281	1329
71	1	1465	1480
71	1	1881	1904
71	4	1955	2170
71	0	2176	2238
71	0	2415	2440
71	1	2753	2765
71	3	3033	3065
71	9	5134	5376
71	3	5247	5310
71	3	5622	5643
71	1	5787	5810
71	0	6132	6149
71	2	6683	6695
71	7	6880	6908
71	0	7032	7051
71	1	7482	7583
71	1	7598	7633
71	2	7747	7771
71	0	8099	8114
71	0	8403	8449
71	1	8548	8566
71	2	8838	8856
71	1	8903	8923
71	1	9063	9078
71	3	9859	9869
71	0	9942	10004
71	1	9978	9992
71	8	10254	10267
71	1	10496	10512
71	0	10665	10684
71	1	10713	10737
71	6	10920	10973
71	8	11260	11284
71	8	11294	11311
71	1	11506	11530
71	4	12164	12267
71	0	12385	12404
71	1	12856	12878
71	0	12974	13022
71	1	12982	13017
71	3	13029	13062
71	0	13029	13046
71	0	13191	13235
71	0	13589	13733
71	0	13931	13982
71	0	14062	14097
71	4	14149	14328
71	0	14488	14500
71	3	14505	14550
71	1	14918	14942
71	0	15077	15112
71	0	16017	16053
71	1	16104	16121
71	1	16130	16177
71	1	16221	16253
71	1	16530	16544
71	3	16804	16827
71	8	16846	16868
71	0	16919	16949
72	4	0	116
72	0	354	366
72	4	369	512
72	5	514	602
72	5	604	765
72	13	1786	1816
72	0	1902	1931
73	5	332	338
74	0	83	98
74	6	164	194
74	12	282	672
74	0	1146	1156
74	12	1158	1191
74	0	3177	3195
74	0	4347	4364
74	1	4438	4459
74	4	4526	4594
74	1	4659	4682
74	5	4713	4804
75	8	191	219
75	10	476	556
75	8	785	798
75	0	911	942
75	0	958	1013
75	6	1456	1535
75	1	1738	1787
75	1	1810	1824
75	0	2095	2123
76	5	1154	1175
76	6	2991	3008
77	4	4007	4185
77	6	4107	4185
77	4	4187	4324
77	0	4285	4324
78	0	1657	1686
78	6	1881	2028
78	7	1881	2028
78	7	2034	2149
78	0	2566	2610
78	3	2735	2776
78	3	2830	2880
78	3	2894	2954
78	4	3068	3179
78	3	3209	3232
78	0	3209	3232
78	7	3326	3364
78	0	3383	3403
78	1	3698	3735
78	3	4462	4524
78	0	4686	4698
78	1	5322	5341
78	13	5343	5410
78	13	5659	5818
78	7	5977	6095
78	0	6897	6915
78	7	7425	7512
78	7	7547	7629
78	7	7694	7798
78	6	8615	8671
78	6	8924	8977
78	6	9219	9324
79	0	24	49
79	3	170	205
79	0	343	356
79	4	449	477
79	4	888	956
79	1	902	919
79	4	1475	1522
79	0	1636	1655
79	0	3210	3224
79	4	3413	3440
79	3	3489	3519
79	4	3991	4046
79	0	4449	4468
79	1	5027	5059
79	0	5131	5140
79	9	5529	5653
79	0	5778	5797
79	7	5840	5921
79	0	5950	5981
79	0	6441	6451
79	1	6839	6868
80	4	537	662
80	5	537	615
80	4	827	872
80	0	939	967
80	3	1114	1224
80	2	1245	1274
80	0	1287	1311
80	0	1392	1426
80	2	1445	1466
80	2	1473	1488
80	2	2460	2484
80	4	3140	3262
80	1	3224	3245
80	0	3560	3615
80	0	3713	3724
80	1	3735	3747
81	0	191	204
81	0	530	576
81	13	559	576
81	6	1061	1142
81	1	1177	1196
81	1	1255	1271
81	0	1548	1564
81	0	1642	1690
81	0	2016	2048
81	1	2600	2618
81	0	2843	2860
81	0	2869	2884
81	0	3312	3328
81	0	3630	3662
81	0	3914	3949
81	6	4545	4619
81	0	5156	5170
81	0	5879	5900
81	0	5947	5999
81	0	6016	6030
82	1	0	34
82	7	125	303
82	0	451	476
82	5	463	476
82	1	468	476
82	4	591	698
82	4	872	960
82	3	1092	1128
82	0	1184	1205
82	1	1364	1383
82	0	1394	1405
82	4	1481	1634
82	5	1546	1577
82	4	1636	1722
82	4	1928	1964
82	4	2150	2287
82	3	2250	2287
82	3	2413	2426
82	7	2529	2664
82	10	2529	2664
82	4	2666	2747
82	4	2749	2895
82	1	3496	3521
82	12	3535	3591
82	4	3624	3714
82	0	3743	3755
82	0	3760	3770
82	0	3925	3946
82	3	4063	4098
82	0	4110	4131
82	4	4314	4389
82	5	5196	5228
82	10	5285	5372
82	2	5502	5537
82	0	5538	5571
82	4	5538	5571
82	0	5580	5596
82	3	5611	5631
82	0	5615	5622
82	4	5676	5823
82	3	5776	5806
82	13	5825	5894
82	0	6058	6108
82	0	6383	6393
82	4	6960	7008
82	0	7045	7053
82	4	7229	7292
82	0	7236	7278
82	0	7255	7278
82	1	7337	7367
82	0	7391	7405
82	0	7568	7635
82	7	7720	7854
83	0	288	300
83	1	494	506
83	1	527	536
83	0	918	925
83	1	1020	1069
83	0	1454	1463
83	0	1482	1486
83	0	1905	1916
83	0	2285	2290
83	0	2360	2367
83	1	3415	3434
83	1	4128	4149
83	0	5543	5571
83	0	6959	6974
83	5	8373	8390
83	0	10342	10374
83	0	11090	11152
83	1	11158	11164
83	6	11237	11248
83	8	16081	16099
83	1	18464	18468
83	11	19641	19654
84	0	73	127
84	1	262	280
84	0	726	768
84	3	843	870
84	0	985	994
84	1	1431	1449
84	1	1572	1593
84	0	1599	1613
84	1	1630	1646
84	3	1681	1743
84	3	2208	2218
84	0	2291	2308
84	4	2366	2431
84	0	3347	3360
84	9	5025	5073
84	0	6014	6031
84	4	6165	6272
85	10	955	993
85	0	998	1088
85	13	1251	1341
85	3	1251	1341
85	7	2483	2640
85	10	2544	2640
85	10	3006	3186
85	13	3215	3490
85	7	3492	3611
85	11	3953	4017
85	13	4279	4361
85	2	4357	4537
85	10	4404	4442
85	0	5353	5419
85	5	5353	5419
85	3	5659	5889
85	9	5891	5970
85	5	5891	5969
86	2	365	382
86	4	1581	1679
86	2	1735	1752
86	4	2061	2088
86	11	3439	3458
86	4	3749	3902
87	3	761	801
87	1	803	833
87	4	1364	1449
87	1	1806	1828
87	7	1829	2008
87	11	2456	2470
87	3	2534	2575
87	0	2544	2563
87	3	2618	2726
87	4	2740	2762
87	7	2792	2940
87	2	2828	2849
87	5	2942	2991
87	7	3251	3423
87	0	3510	3534
87	7	3824	3883
87	7	3958	4067
87	3	5040	5084
87	0	5068	5084
87	0	5821	5840
87	7	6697	6873
87	5	7193	7357
87	3	7193	7229
87	3	7401	7455
87	7	7529	7666
87	12	7727	7747
87	9	7785	7841
87	1	8115	8155
87	0	8276	8312
87	4	8453	8556
87	6	9299	9329
87	12	9331	9372
87	1	9425	9433
87	3	9471	9500
87	0	9741	9756
87	1	9780	9814
87	1	10090	10111
87	3	10112	10206
87	4	10208	10227
87	7	10802	10972
87	7	11844	11915
87	11	11964	12007
87	0	12031	12047
87	0	12178	12197
87	6	12381	12476
87	3	12594	12665
88	7	497	514
88	0	988	996
88	2	997	1019
88	0	1028	1043
88	0	1726	1731
88	2	1732	1754
88	0	1778	1784
88	0	1887	1894
88	9	2071	2089
88	9	2115	2128
88	3	2175	2193
88	1	2220	2232
91	0	77	93
91	4	95	311
91	0	165	212
91	1	268	282
91	1	472	493
91	0	511	547
91	1	771	779
91	2	1427	1440
91	1	1938	1946
91	4	1949	2330
91	0	2230	2257
91	3	2358	2421
91	1	2367	2421
91	4	2608	2855
91	5	2953	3144
91	3	3014	3035
91	7	3146	3353
91	7	3355	3534
91	4	3382	3534
91	4	3568	3900
91	1	3579	3618
91	1	3624	3667
91	3	3842	3900
91	7	3902	4181
91	0	3968	3983
91	1	4198	4222
91	1	4231	4264
91	3	4266	4387
91	4	4389	4786
92	1	320	353
92	5	822	941
92	5	1633	1702
92	0	1805	1819
92	3	2073	2088
92	0	2285	2298
92	0	2687	2722
92	1	2792	2808
92	1	2818	2850
92	1	3183	3200
92	0	4571	4597
92	5	4687	4739
92	0	4797	4815
92	5	5829	5877
92	0	5917	5958
92	2	6647	6657
92	1	7231	7261
92	0	7231	7245
92	0	7641	7660
92	0	7719	7741
92	7	8006	8060
92	0	8483	8503
92	7	8634	8734
92	1	8954	8976
92	10	9765	9961
92	5	10166	10229
92	0	10820	10828
92	0	12626	12642
93	0	131	144
93	5	190	321
93	13	300	321
93	0	1440	1449
93	5	1542	1611
93	0	1594	1611
93	1	2324	2335
94	1	44	60
94	7	121	237
94	1	631	649
94	0	1014	1050
94	3	1129	1152
94	0	1267	1308
94	0	1468	1507
94	2	1473	1656
94	2	1764	1770
94	3	1895	1905
94	1	2886	2916
94	1	2934	2946
94	3	3166	3187
94	3	3208	3257
95	8	27	61
95	8	281	318
95	6	281	318
95	6	397	530
95	5	987	1153
95	5	1172	1283
95	1	1930	1965
95	1	2384	2427
95	1	2607	2666
95	13	2755	2819
96	2	861	882
96	12	2552	2645
96	2	2848	2898
96	2	3236	3277
97	0	143	169
97	3	186	249
97	8	191	213
97	3	1043	1148
97	1	1164	1183
97	3	1607	1674
97	1	1660	1674
97	3	2611	2651
98	2	3186	3261
98	2	3861	3897
98	2	4118	4257
98	6	4135	4164
98	6	4192	4257
99	10	190	244
99	0	513	521
99	0	617	634
99	8	640	664
99	0	1157	1161
99	10	1222	1325
99	1	1225	1233
99	3	1843	1856
99	3	1886	1891
99	8	1977	1992
99	1	2045	2049
99	1	2202	2209
99	6	2381	2413
99	7	2604	2827
99	7	3663	3719
99	3	4112	4184
99	0	4604	4614
99	10	5045	5071
100	3	46	55
100	0	84	95
100	1	192	203
100	1	212	227
100	1	304	311
100	0	495	502
100	0	522	537
100	0	762	769
100	1	959	970
100	1	1050	1059
100	0	1073	1079
100	1	1317	1330
100	0	1409	1428
100	0	1658	1679
100	0	1751	1766
100	0	2446	2457
100	0	3053	3065
100	0	3141	3148
100	4	3306	3354
100	0	3513	3530
100	4	3548	3584
100	1	3626	3633
100	1	3638	3649
100	11	3954	3973
101	3	33	50
101	0	35	50
101	0	106	136
101	0	188	196
101	0	312	341
101	3	516	581
101	11	657	681
101	3	1030	1062
101	3	1234	1283
102	0	16	32
102	0	485	500
102	0	1688	1700
104	0	0	17
104	0	107	122
104	0	282	338
104	1	510	540
104	1	2478	2501
104	0	2650	2661
104	3	3368	3380
104	0	3557	3590
104	0	4098	4110
104	1	4144	4164
104	7	4170	4377
104	0	4540	4575
104	4	4622	4760
104	1	4661	4760
104	1	4920	4935
105	3	149	174
105	3	751	785
105	0	756	769
105	1	831	849
105	6	2641	2650
105	0	2771	2782
105	0	2804	2810
105	0	2990	3007
105	0	3282	3292
107	0	25	46
107	9	48	87
107	1	70	87
107	2	71	87
107	2	168	183
107	2	260	275
107	0	560	579
107	0	759	790
107	2	883	898
107	2	1322	1337
107	9	1825	1854
107	0	2091	2105
107	0	2109	2257
107	10	2456	2567
107	0	2817	2860
107	3	2934	2986
107	2	3053	3061
107	9	3427	3477
107	3	3501	3539
107	5	3541	3614
107	6	3616	3643
107	2	3645	3662
107	2	3682	3702
107	2	3895	3910
107	6	3914	3947
107	6	4020	4064
107	6	4122	4385
107	1	4429	4451
107	2	4486	4501
107	2	4661	4676
107	2	4764	4779
107	2	4900	4918
107	5	4923	5011
107	0	5013	5164
107	5	5032	5058
107	1	5131	5162
107	11	5165	5172
107	0	5173	5238
108	0	154	169
108	1	762	780
108	8	1400	1451
108	0	1692	1733
108	0	3486	3521
108	0	4679	4734
108	2	4757	4778
108	2	4852	4878
108	2	4910	4935
108	0	5126	5152
108	5	5422	5563
108	2	7402	7433
108	10	8558	8706
108	9	8744	8930
108	0	9021	9032
108	0	9033	9073
108	2	10157	10168
108	2	10257	10268
108	2	10317	10328
108	2	10381	10392
108	2	10646	10670
108	2	10921	10947
108	7	11014	11181
108	0	12301	12319
108	6	12446	12519
108	5	12770	12902
108	0	13047	13074
108	2	14308	14334
108	5	14336	14489
108	2	15033	15043
108	10	15155	15273
108	2	15556	15636
108	2	15667	15687
108	2	15735	15748
108	2	16330	16349
108	2	16460	16472
108	2	16699	16716
108	2	17455	17472
108	2	17779	17789
108	2	18033	18041
108	2	18773	18795
108	2	19505	19515
108	2	19826	19840
108	4	19864	20009
108	2	20026	20038
108	2	20061	20074
108	2	20344	20356
108	1	20640	20667
108	2	20775	20802
108	2	20938	20952
108	2	21005	21013
108	0	21257	21271
108	2	21472	21486
108	2	22844	22857
108	0	23063	23083
108	5	23221	23282
108	0	23852	23867
108	0	23956	23965
108	2	23995	24012
108	0	24223	24265
108	2	24239	24249
108	2	24384	24401
108	2	25136	25145
108	5	25147	25202
108	4	26467	26505
108	2	27300	27320
108	5	27636	27698
108	5	29700	29756
108	2	29873	29894
108	2	29921	29944
108	11	29968	29998
110	9	21	77
110	1	154	165
110	2	220	265
110	2	505	541
110	5	546	586
110	9	752	857
110	3	1222	1253
110	1	1260	1271
110	2	1385	1430
110	5	1665	1718
110	2	1772	1820
110	5	2652	2693
111	0	37	45
111	5	72	85
111	2	158	171
111	1	203	246
111	0	207	215
111	8	225	241
111	0	269	280
111	2	388	397
111	2	406	415
111	2	441	449
111	2	483	496
111	2	513	526
111	2	607	614
111	2	688	701
111	2	716	726
111	2	839	846
111	0	1583	1595
111	2	1788	1797
111	2	1989	1999
111	2	2556	2569
111	2	2631	2653
111	2	2949	2962
111	2	3235	3248
111	2	3272	3286
111	2	3422	3435
111	0	3450	3457
111	2	4012	4025
111	2	4169	4180
111	2	4271	4284
111	2	4484	4506
111	2	4627	4640
112	7	114	174
112	3	179	236
112	0	195	222
112	6	472	532
112	6	833	880
112	0	2350	2366
112	1	2475	2523
112	3	3368	3383
112	0	3483	3500
112	3	3519	3571
112	3	3893	3974
112	3	5022	5080
112	7	5281	5373
112	13	5281	5323
112	13	6046	6098
112	1	6445	6453
112	7	6520	6609
112	3	6620	6637
112	6	7264	7314
112	0	7674	7693
112	4	10469	10570
112	12	10572	10680
112	4	10697	10805
112	3	10740	10765
112	3	10820	10845
112	12	10860	10997
112	1	11087	11105
112	4	11221	11328
112	0	11655	11671
112	1	12003	12039
112	2	12149	12243
112	3	12349	12363
112	1	13152	13167
112	0	13316	13369
112	3	13902	13935
112	7	13936	13958
112	7	13960	14030
112	0	14142	14158
112	6	14419	14458
112	7	14511	14640
112	7	14752	14920
112	11	15047	15069
112	7	15216	15279
112	7	15785	15851
112	0	16195	16231
112	7	16335	16411
112	0	16781	16835
112	0	16976	17013
112	9	17016	17049
112	5	17150	17244
112	5	17552	17689
112	1	18269	18325
112	13	18275	18323
112	3	18378	18396
112	6	18447	18550
112	2	18531	18550
112	3	18604	18639
113	0	378	402
113	0	577	590
113	0	642	667
113	0	718	747
113	1	931	1011
113	3	964	1011
113	4	1022	1063
113	4	1882	1922
113	7	1924	1956
113	0	2180	2206
113	0	2247	2298
113	9	2627	2757
113	7	2760	2943
113	4	2945	3034
113	3	3136	3158
113	7	3502	3581
113	4	3693	3732
113	7	3882	4070
113	0	3971	3996
114	1	19	35
114	0	236	249
114	1	264	298
114	8	283	298
114	0	352	369
114	0	402	439
114	1	441	479
114	1	626	640
114	0	880	891
114	12	1082	1164
114	1	1175	1207
114	4	2339	2416
114	7	2480	2701
114	0	2597	2607
114	3	2647	2664
114	5	2949	3085
114	0	3087	3096
114	0	3140	3183
114	3	3312	3346
114	1	3366	3386
114	7	3988	4202
114	1	4005	4023
114	3	4294	4323
115	3	82	116
115	0	205	224
115	4	313	416
115	12	419	485
115	4	639	670
115	0	835	850
115	1	1057	1075
115	0	1408	1426
115	1	1502	1520
115	1	1652	1656
115	3	1659	1675
116	3	285	335
117	0	46	63
117	0	152	169
117	1	302	342
117	4	617	726
117	4	847	1053
117	6	1575	1723
117	1	1777	1799
117	2	1954	1965
117	8	2032	2073
117	8	2131	2153
117	8	2194	2234
117	9	2382	2453
117	1	2833	2855
117	1	3016	3032
117	4	3176	3248
117	8	3446	3498
117	5	3850	3981
117	1	4291	4364
117	0	5036	5050
117	0	5166	5179
117	0	5528	5556
117	2	5764	5777
117	10	6047	6125
117	1	6248	6273
117	1	6311	6322
117	4	6376	6475
117	1	6411	6475
117	0	6507	6521
117	4	6523	6654
117	1	6551	6654
117	0	6692	6706
117	4	6708	6778
117	1	6718	6778
117	2	6718	6723
117	2	6780	6794
117	1	6843	6890
117	1	6904	6913
117	1	7104	7123
117	0	7293	7303
117	0	7361	7378
117	1	7438	7471
117	1	7570	7610
117	0	7762	7776
117	1	7922	7945
117	1	8004	8028
117	0	8340	8378
117	4	8381	8516
117	0	8428	8467
117	1	8563	8583
117	1	8796	8823
117	1	8991	9012
117	5	9049	9076
117	1	9499	9509
117	1	9526	9548
117	1	9707	9715
117	2	9774	9803
117	0	10767	10778
117	5	11044	11152
117	2	11198	11208
117	1	11459	11475
117	1	12645	12685
117	2	12649	12656
117	0	12833	12849
117	0	13214	13228
117	1	13230	13251
117	1	13263	13281
117	1	14096	14112
117	1	14660	14686
117	1	15678	15685
117	1	17418	17457
117	1	17503	17533
117	2	17519	17525
117	1	17544	17580
117	2	17865	17872
117	4	17874	18158
118	0	50	93
118	0	189	211
118	7	343	430
118	9	363	376
118	7	570	727
118	5	939	1017
118	9	1092	1168
118	4	1112	1168
118	3	1423	1442
118	1	1542	1555
118	4	1556	1643
118	3	1556	1599
118	4	1649	1722
119	3	335	348
119	0	383	392
119	10	399	482
119	6	461	482
119	5	1436	1460
119	0	1969	1976
119	6	1980	1991
119	6	1995	2014
119	0	2170	2179
120	3	1142	1150
120	0	1495	1500
120	3	1989	2006
120	0	2021	2034
120	13	3706	3741
120	2	5097	5105
120	12	5290	5304
120	2	5358	5366
120	3	5453	5484
120	3	5615	5635
120	3	5793	5802
120	2	5826	5834
120	10	6137	6178
120	1	6170	6178
120	0	6525	6554
120	0	6980	6990
120	3	7833	7925
120	0	8371	8378
120	3	8386	8406
120	0	8445	8450
120	2	8536	8544
120	2	8642	8650
120	2	8722	8730
120	2	8818	8826
120	2	8915	8925
120	2	8947	8955
120	2	9143	9151
120	2	9348	9356
120	2	9428	9436
120	2	9484	9492
120	2	9544	9552
120	2	9735	9745
120	2	9779	9787
120	2	9847	9855
120	2	9954	9962
120	2	10166	10174
120	2	10366	10374
120	2	10607	10617
120	2	10819	10827
120	2	12171	12179
120	2	12607	12615
120	2	12732	12740
120	2	13741	13749
120	2	13799	13807
120	2	14415	14425
120	0	15128	15143
120	2	15781	15789
120	0	16089	16101
120	2	16657	16665
120	2	17050	17060
120	2	26295	26303
120	2	26487	26497
120	2	26689	26697
120	2	27083	27093
120	1	27716	27727
120	0	28048	28053
120	0	28609	28626
120	1	30476	30484
120	0	30762	30777
120	2	31973	31989
121	8	44	92
121	0	44	60
121	2	225	242
121	8	225	241
121	2	544	560
121	2	893	904
121	8	1019	1040
121	8	1205	1221
121	4	1241	1275
121	0	1731	1738
121	0	1819	1848
121	0	1968	1987
122	8	0	17
122	8	102	119
122	4	303	617
122	13	303	359
122	0	324	357
122	3	733	760
122	9	733	759
122	3	1000	1027
122	9	1000	1026
122	0	1830	1849
122	1	2353	2373
122	5	2450	2533
122	4	3460	3484
122	6	3634	3658
122	1	3667	3684
122	4	4450	4649
122	3	4484	4505
122	4	4682	4881
122	3	4716	4737
122	6	4980	5035
122	4	4980	5034
122	7	5036	5122
122	3	5058	5122
122	0	5072	5124
122	6	5125	5180
122	4	5125	5179
122	7	5181	5267
122	0	5217	5267
122	0	5790	5819
122	0	5850	5879
122	9	5908	6207
122	1	6183	6209
122	11	6236	6283
122	5	6285	6332
123	0	3272	3281
123	0	3769	3788
123	1	6055	6071
123	6	6114	6129
124	8	662	668
124	0	708	717
125	6	1215	1230
125	8	2205	2211
126	2	875	886
126	2	887	897
126	0	902	923
126	6	924	993
126	2	938	941
126	2	957	960
126	0	1066	1091
126	0	1311	1322
126	2	1400	1411
126	1	1763	1823
126	4	1842	1847
126	0	2334	2346
126	1	2347	2379
126	0	2367	2379
128	6	88	106
128	4	2029	2385
128	0	2038	2045
128	6	2714	2920
128	2	2827	2838
129	6	798	893
129	6	1085	1107
129	6	1257	1297
129	10	1491	1640
129	4	1589	1615
129	4	1709	1807
130	0	0	6
130	9	516	633
130	0	1320	1367
130	0	1747	1760
130	0	1857	1887
130	6	2157	2247
130	6	2249	2335
131	5	0	32
131	5	53	77
131	5	130	206
131	9	130	157
131	0	313	322
131	5	314	322
131	5	575	635
131	5	675	738
131	9	1166	1466
131	0	1168	1179
131	5	1400	1466
131	0	1510	1524
131	4	1659	1814
132	0	40	53
132	0	67	76
132	0	257	264
132	0	268	305
132	2	501	537
132	6	563	573
132	6	577	591
132	5	616	712
132	0	629	646
132	0	881	907
132	2	1602	1607
132	2	1909	1914
132	8	2977	3020
132	2	4711	4723
132	2	5229	5241
132	1	5962	5982
132	2	5962	5974
132	0	6339	6357
132	7	6409	6463
132	6	6465	6484
132	2	6642	6686
132	1	6704	6713
132	8	6934	6967
132	0	6987	7004
132	10	7379	7408
132	2	8439	8444
132	2	8484	8489
132	0	8629	8637
132	2	8680	8685
132	0	8686	8696
132	0	8701	8713
132	0	8719	8726
132	0	8987	8994
132	0	9331	9349
132	1	9410	9447
132	6	9487	9503
132	6	9596	9610
132	0	9618	9646
132	2	9641	9646
132	0	9652	9659
132	6	10321	10332
132	0	10952	10958
132	0	11442	11449
132	2	11680	11703
132	7	11906	11985
133	0	375	387
133	1	1556	1579
133	6	3004	3198
133	0	3044	3066
133	6	3200	3511
133	12	3218	3511
133	4	3292	3511
133	5	3513	3693
133	0	3541	3568
133	1	3651	3693
134	1	0	36
134	12	39	93
134	3	184	215
134	3	301	335
134	0	568	583
134	0	666	720
134	0	1489	1532
134	0	2028	2056
134	2	2215	2294
134	0	2215	2230
134	0	2621	2684
134	12	2850	2975
134	12	3009	3361
135	1	1149	1177
135	6	1178	1192
135	0	1716	1721
135	1	2056	2067
135	0	2481	2487
135	0	2492	2505
135	0	2646	2655
135	1	3265	3269
135	1	3274	3284
136	12	689	696
136	7	718	723
137	1	0	20
137	1	162	176
137	1	699	715
137	1	737	748
137	1	2873	2880
137	0	3483	3489
137	1	4651	4675
137	2	4764	4775
137	5	4837	4861
137	0	6411	6414
137	8	6477	6497
137	8	7034	7084
137	1	7874	7879
137	2	7958	7969
137	1	9189	9206
137	0	9893	9905
138	0	1952	1955
138	0	2223	2239
138	3	2500	2521
138	0	2500	2510
138	0	2907	2939
138	6	3038	3046
138	1	3431	3449
139	1	55	63
139	0	124	130
139	0	178	184
139	2	2522	2530
139	0	2723	2730
139	1	2743	2757
139	0	2767	2778
139	0	3367	3374
139	0	3379	3391
139	1	3392	3409
139	2	3401	3409
139	2	3886	3894
140	1	185	193
140	0	2658	2678
140	1	2880	2888
140	2	2880	2888
141	0	69	79
141	0	278	290
141	0	294	314
141	0	403	413
141	2	403	413
141	0	518	530
141	4	960	1058
141	2	1172	1184
142	1	19	28
142	11	182	197
142	0	224	241
142	2	279	286
142	2	655	665
142	3	667	904
142	6	769	904
142	1	977	1004
142	0	993	1004
142	3	1024	1096
142	6	1289	1362
142	0	1935	1961
142	12	1981	2146
142	7	2148	2201
142	6	2287	2481
142	10	2484	2587
142	1	2567	2587
142	0	2567	2587
142	1	2597	2638
142	0	3069	3115
142	6	3117	3151
142	1	3117	3136
142	0	3628	3654
142	1	3752	3820
142	0	4053	4066
142	1	4425	4455
142	6	4429	4455
142	1	5294	5343
142	6	5357	5450
142	1	5816	5832
142	6	5977	6115
142	1	7718	7739
142	10	7848	7973
142	11	8211	8253
142	0	8259	8284
142	0	8532	8553
142	6	8731	9215
142	1	8995	9039
142	0	9356	9376
142	1	9566	9592
142	6	9594	9667
142	1	9712	9747
142	0	9888	9903
142	0	10114	10134
142	1	10147	10162
142	3	10855	10911
142	1	11541	11617
142	1	11896	12010
142	3	12012	12084
142	6	12319	12382
142	0	12426	12453
142	3	12455	12516
142	3	12573	12796
142	6	13028	13124
142	3	13443	13520
142	2	13656	13663
142	3	13763	13835
142	2	13936	13947
142	1	13997	14010
143	6	588	607
143	8	1922	1941
143	2	2448	2462
143	6	2746	2759
143	8	2899	2944
143	6	2903	2918
143	8	3058	3092
143	1	3490	3503
143	0	3491	3503
143	0	3879	3882
143	2	3913	3927
144	0	84	87
144	1	248	262
144	6	275	286
144	1	500	508
144	7	966	1011
144	2	2119	2127
144	12	2325	2479
144	0	2764	2773
144	0	3628	3655
144	4	3665	3739
144	0	3751	3781
145	0	574	579
145	0	1793	1810
145	0	2373	2378
145	0	2608	2615
145	0	2730	2740
145	0	2838	2848
146	1	35	66
146	1	156	179
146	0	226	254
146	3	525	574
146	3	1193	1219
146	1	1244	1277
146	0	1297	1316
146	1	1868	1878
220	8	13	17
220	8	114	140
220	2	356	386
220	0	431	443
220	0	633	640
220	0	652	657
220	1	688	693
220	2	878	882
220	2	887	918
220	8	1158	1163
220	2	1429	1434
220	2	1517	1543
220	2	1625	1630
220	2	1713	1739
221	0	35	46
221	10	244	264
221	0	1312	1323
221	0	1407	1414
221	0	1696	1704
221	0	1746	1757
221	10	2451	2548
221	5	2551	2581
221	5	2609	2640
221	3	4303	4386
221	10	5052	5083
221	0	8430	8438
221	0	8701	8707
221	0	9407	9420
221	0	9832	9859
221	0	10752	10759
221	0	10856	10866
221	2	11614	11639
221	2	12165	12190
221	1	12527	12534
221	0	12559	12579
221	0	12783	12825
221	0	13700	13717
221	0	14664	14676
221	2	14704	14729
222	5	293	373
222	0	494	557
222	0	566	630
222	0	757	769
222	0	982	1032
222	4	1822	1871
222	4	1872	1943
222	7	2543	2676
222	12	2918	3005
222	0	3240	3276
222	10	3289	3379
222	6	4087	4113
222	0	4179	4199
222	6	4211	4351
223	0	60	76
223	0	92	99
223	0	183	201
223	1	235	279
223	1	364	393
223	1	587	636
223	0	694	731
223	0	763	787
223	13	818	860
223	1	979	1012
223	1	1110	1133
223	1	1144	1174
223	13	1338	1405
223	13	1407	1640
223	1	1946	1965
223	12	2058	2139
223	7	2142	2479
223	4	2482	2701
223	13	2482	2506
223	7	2768	2923
223	5	2930	3059
223	1	3243	3274
223	0	3490	3623
223	4	3625	3710
223	0	3765	3783
223	3	4187	4202
223	1	4632	4680
223	1	4716	4733
223	3	4780	4804
223	4	5537	5636
223	3	5941	5977
223	7	6680	6851
223	0	6875	6898
223	1	7174	7199
223	1	7226	7254
223	1	7337	7382
223	1	7755	7832
223	0	8012	8070
223	1	8936	8962
223	0	10272	10297
223	0	10440	10465
223	1	10603	10746
223	1	10760	10914
223	0	10856	10863
223	4	11123	11255
223	3	11957	11980
223	1	12155	12167
223	3	12176	12222
223	0	12204	12215
223	9	12547	13082
223	9	13084	13617
223	4	14028	14312
223	0	14061	14080
223	4	14365	14417
223	9	14419	14785
223	4	15142	15456
223	0	15243	15303
223	3	15317	15352
223	10	15683	15829
223	0	15895	16016
223	1	16028	16077
223	4	16357	16533
223	4	16939	17166
223	0	17169	17184
223	1	17271	17330
223	0	17355	17391
223	3	17392	17427
223	5	17512	17805
223	0	17572	17590
223	3	17917	17969
224	7	30	85
224	0	298	304
224	7	724	862
224	1	839	862
224	0	957	992
224	1	982	992
224	1	1444	1453
224	0	1600	1631
224	1	1610	1632
224	12	1936	2064
224	0	2050	2060
224	3	2231	2268
224	2	2308	2314
224	0	2320	2345
224	7	2760	2843
224	0	2910	2941
224	1	2933	2941
224	2	3978	3992
224	0	4002	4025
224	2	4068	4082
224	2	4563	4569
224	2	4959	4973
224	2	5284	5298
225	0	201	211
225	0	291	302
225	0	535	581
225	0	757	770
225	1	1058	1085
225	1	1452	1468
225	0	1869	1879
225	0	2686	2720
225	0	3705	3729
225	0	4518	4580
225	1	4518	4580
225	11	5585	5607
225	1	5661	5696
225	0	5843	5858
225	8	6105	6131
225	0	6618	6634
225	0	7181	7203
225	0	7261	7279
225	0	7672	7695
225	3	8065	8084
225	1	8684	8702
225	1	10212	10237
225	1	10881	10895
225	1	11946	11987
225	0	14333	14340
225	0	14373	14389
225	1	16716	16740
225	11	16921	16939
225	0	17386	17401
225	0	17429	17452
225	1	17832	17837
225	12	18642	18707
225	1	19752	19789
225	0	20050	20079
225	4	20682	20795
225	0	21137	21152
225	0	21226	21249
225	5	21723	21950
226	0	787	816
226	2	982	1011
226	0	1099	1110
226	0	2168	2186
226	0	2193	2209
226	2	2497	2507
226	0	5320	5335
227	2	7	49
227	0	20	26
227	5	31	72
227	9	233	288
227	2	237	288
227	2	568	603
227	2	742	805
227	5	765	805
227	2	1110	1168
227	0	1321	1331
227	0	1527	1544
227	5	1689	1714
228	7	71	171
228	0	86	106
228	3	270	311
228	7	532	574
228	3	713	795
228	0	733	747
228	0	820	830
228	7	854	922
228	0	2378	2399
228	6	2754	2768
228	0	4680	4691
228	5	5069	5184
228	4	5363	5430
229	3	482	487
229	0	1360	1380
229	0	1390	1430
229	0	1560	1571
229	1	1659	1665
229	1	1925	1943
229	1	1945	1992
229	1	2176	2194
229	0	2583	2592
229	1	2884	2891
230	4	233	289
230	1	243	276
230	4	291	335
230	0	342	363
230	6	401	475
230	1	513	525
230	4	1853	1917
231	6	68	96
231	6	238	251
231	8	238	251
231	2	296	361
231	6	476	500
231	8	476	500
231	2	545	585
231	6	815	828
231	8	815	828
231	2	1242	1266
231	2	1270	1353
231	0	1938	2047
231	6	1938	2045
231	0	2090	2115
231	2	2118	2184
231	0	2351	2361
231	5	2854	2939
231	5	3027	3081
231	0	3341	3418
231	2	3361	3376
231	1	3361	3376
231	6	3647	3663
231	0	3756	3776
231	10	3804	3940
231	10	3997	4124
231	11	4133	4142
232	0	26	49
232	0	886	905
232	0	1134	1181
232	1	1957	1974
232	1	2050	2071
232	4	2082	2266
232	9	2268	2375
232	3	2714	2737
232	0	2799	2861
232	0	2925	2968
232	0	3081	3113
232	10	3189	3303
232	4	3568	3733
232	1	3697	3733
232	1	3761	3797
232	1	3904	3916
232	0	3959	3997
232	0	4167	4224
232	3	4252	4277
232	0	5092	5149
232	0	5271	5287
232	1	5291	5314
232	4	5414	5624
232	0	5539	5559
232	3	5585	5624
232	5	5780	6010
232	7	6013	6234
232	0	6047	6055
232	8	6236	6254
232	2	6323	6335
232	0	6511	6527
232	1	6681	6716
232	0	6779	6786
232	4	6891	6960
232	1	6964	7010
232	1	7073	7126
232	0	7199	7210
232	5	7449	7626
232	7	7704	7905
232	3	7886	7905
232	9	8045	8094
232	0	8068	8094
232	12	8097	8164
232	4	8314	8369
232	0	8440	8457
232	3	8871	8924
232	4	9010	9121
232	3	9215	9252
232	0	9381	9396
232	1	9432	9466
232	0	9500	9531
232	0	9548	9613
232	4	9774	9818
232	1	9820	9852
232	0	9885	9893
232	9	9951	10100
232	11	10090	10100
232	3	10344	10372
232	9	10688	10895
232	9	10947	11164
232	0	11091	11119
232	9	11247	11501
232	9	11506	11702
232	3	11637	11667
232	9	11731	11877
232	1	11904	11967
232	4	12390	12552
232	7	13518	13641
232	1	13659	13719
232	0	13735	13781
232	1	14013	14038
232	0	14261	14295
232	0	14642	14683
232	0	14710	14749
232	1	14791	14829
232	0	14950	14972
232	4	15115	15186
232	1	15209	15232
232	0	15536	15557
232	0	15654	15666
232	1	15722	15754
232	4	15952	16007
232	3	16012	16031
232	0	16802	16842
232	3	16865	16958
232	0	17351	17366
232	1	17370	17399
232	1	17407	17437
232	0	18078	18102
232	7	18354	18420
232	1	18709	18726
232	1	18759	18770
232	0	18791	18808
232	1	19166	19196
232	0	19735	19833
232	1	20065	20097
232	0	20165	20189
232	4	20296	20354
232	1	20423	20449
232	4	20466	20660
232	0	20554	20568
232	1	20589	20619
232	0	20662	20679
232	0	20753	20765
232	1	20774	20796
232	1	20895	20922
232	0	20923	20938
232	5	21246	21515
232	1	21293	21315
232	0	21355	21378
232	1	21384	21409
232	0	21422	21515
232	1	21524	21560
232	1	21638	21701
232	1	21907	21959
232	1	22136	22159
232	1	22579	22643
232	0	22692	22714
232	2	23021	23037
232	0	23085	23127
232	1	23358	23510
232	1	23580	23596
232	5	23605	23830
232	3	23674	23765
232	0	23845	23869
232	3	23929	23995
232	1	23940	23995
232	0	24371	24386
232	0	24519	24555
232	1	24612	24642
232	1	24671	24695
232	0	25357	25376
232	0	25545	25559
232	0	25679	25708
232	0	25770	25795
232	1	25913	25926
232	3	26507	26533
232	0	27574	27598
232	3	27601	27725
232	0	27843	27872
232	2	27862	27872
232	9	27888	28217
232	0	28372	28499
232	0	28842	28862
232	0	29144	29162
232	8	29165	29189
232	0	29256	29266
232	0	29621	29644
232	1	29714	29724
232	0	29897	29916
232	0	30190	30230
232	0	30241	30248
232	1	30594	30612
232	7	30701	30900
232	1	30852	30872
232	1	30931	30967
232	7	31142	31280
232	0	31205	31218
232	4	31311	31349
232	1	31410	31438
232	4	31572	31946
232	7	31586	31656
232	0	31756	31781
232	0	31850	31873
232	1	31911	31946
232	4	31948	32272
232	0	32155	32196
232	0	32894	32959
232	0	33077	33099
232	0	33129	33156
232	4	33818	33977
232	0	34116	34136
232	0	34151	34167
232	4	34719	34815
232	4	35182	35214
232	3	35664	35814
232	1	35682	35739
232	1	35774	35814
232	1	35872	36008
232	9	36086	36449
232	0	36648	36684
232	0	37069	37101
232	0	37193	37232
232	0	37486	37576
232	0	37819	37855
232	7	37874	38077
232	1	38570	38665
232	1	38762	38802
232	10	39084	39201
232	9	39397	39470
232	4	39700	39919
232	3	39734	39790
232	7	39952	40189
232	0	39978	40056
232	7	40191	40629
232	3	40500	40629
232	1	40668	40693
232	13	40750	41110
232	0	41090	41110
232	0	41371	41386
232	3	41466	41543
232	1	41478	41496
232	0	41525	41536
232	0	41648	41664
232	1	41769	41788
232	0	41790	41826
232	1	42660	42701
232	0	43870	43891
232	0	44153	44273
232	4	45187	45317
232	0	46117	46145
232	0	46305	46328
232	0	46478	46554
232	7	46620	46760
232	0	46655	46673
232	3	46813	46852
232	0	46902	46948
232	0	47108	47126
232	2	47145	47240
232	0	47271	47306
232	1	47332	47391
233	4	83	273
233	0	485	504
233	0	611	677
233	0	1838	1855
233	11	2014	2024
233	3	2196	2264
233	0	2242	2248
233	6	2475	2654
233	4	3572	3612
233	4	4953	5155
233	6	5157	5430
234	5	16	85
234	5	206	375
234	6	341	370
234	0	522	537
234	3	564	630
234	0	564	592
234	1	917	965
234	0	982	1059
234	3	982	1031
234	0	1081	1086
234	0	1630	1651
234	3	1759	1848
234	0	1889	1903
234	1	1905	1923
234	1	2100	2117
234	13	2120	2210
234	0	2321	2341
234	1	2346	2374
234	0	2422	2440
234	1	2497	2578
234	4	2611	2658
234	0	2690	2722
234	0	2756	2777
234	4	2779	2972
234	1	2815	2861
234	3	3279	3305
234	0	3435	3495
234	1	3522	3544
234	0	3725	3748
234	6	3750	3771
234	1	3790	3820
234	1	3827	3886
234	4	3889	3968
234	0	3951	3968
234	0	4028	4046
234	0	4225	4243
234	1	4246	4270
234	0	4265	4270
234	3	4272	4286
234	1	4322	4338
234	12	4354	4394
234	0	4396	4416
234	0	4441	4461
234	12	4476	4585
234	0	4486	4529
234	3	4809	4869
234	0	5144	5164
234	3	5171	5201
234	0	5316	5335
234	1	5347	5383
234	0	5743	5762
234	0	5932	5950
234	0	6160	6180
234	0	6205	6225
234	0	6286	6335
234	7	6337	6442
234	0	6478	6496
234	0	6559	6573
234	3	6686	6700
234	1	6818	6840
234	1	6900	6922
234	0	6924	6977
234	1	6930	6943
234	1	7005	7052
234	3	7352	7484
234	0	7498	7590
234	3	7610	7625
234	0	7634	7678
234	0	7793	7836
234	12	7853	8050
234	0	7857	7953
234	0	8233	8248
234	0	8277	8307
234	3	8431	8458
234	4	9119	9372
234	2	9397	9418
234	0	9479	9499
234	1	9784	9804
234	0	9856	9902
234	5	10444	10686
234	6	10562	10602
234	3	10636	10686
235	0	119	127
235	0	592	599
236	3	85	94
236	1	345	363
236	1	374	384
236	1	545	564
236	1	569	577
236	0	621	635
236	1	757	775
236	0	1234	1242
236	1	1385	1393
236	1	1410	1426
236	0	1439	1453
236	3	1581	1611
236	0	1712	1720
236	0	1724	1739
236	1	1776	1785
236	0	1797	1806
236	1	1823	1829
236	0	1838	1849
236	0	1932	1939
236	0	2061	2068
236	8	2081	2125
236	6	2081	2090
236	3	2130	2159
236	4	2161	2165
236	5	2881	2899
236	0	3330	3348
236	3	3845	3862
236	3	3864	3874
236	0	3888	3892
236	0	3960	3976
236	1	4188	4205
236	0	4373	4388
237	4	234	337
237	4	339	529
237	1	361	374
237	2	1474	1664
238	8	59	79
238	6	1498	1513
238	12	1739	1805
238	0	1943	1951
238	8	2058	2094
238	6	2478	2499
238	0	2522	2531
239	0	120	139
239	3	282	289
239	8	547	563
239	0	619	640
239	4	794	1076
239	13	1007	1044
239	3	1945	1992
239	5	1996	2062
239	6	2091	2167
239	0	2099	2115
239	11	2132	2167
239	0	2149	2167
239	13	2171	2224
239	3	2232	2279
239	2	2252	2279
239	5	2381	2577
239	0	2505	2577
239	13	2617	2654
239	12	2670	2722
239	5	2817	2827
239	5	2861	3020
239	0	2933	2973
239	0	4044	4062
239	0	4719	4731
240	0	177	200
240	0	1057	1084
240	0	1169	1228
240	6	1272	1302
240	12	1303	1402
240	2	1340	1370
240	2	1404	1456
240	8	3107	3132
240	2	4539	4559
240	0	4612	4630
240	2	6447	6487
240	0	6946	6983
240	0	7295	7301
240	0	7332	7348
240	5	7932	8164
240	5	8730	8957
240	13	9024	9279
240	0	9044	9055
241	5	0	91
241	4	168	269
241	0	207	230
241	4	1484	1576
241	3	1722	1749
241	0	1817	1830
241	1	1858	1891
241	6	2218	2270
241	10	2272	2383
241	6	2402	2428
241	0	2696	2711
241	1	4190	4224
241	4	4478	4561
241	7	4877	5017
241	0	5064	5083
241	0	5113	5137
241	6	5263	5313
241	6	6020	6109
241	7	6331	6408
241	4	6490	6583
241	1	6527	6560
241	1	6601	6657
241	0	6658	6675
242	10	381	407
242	6	398	407
242	8	1974	1989
242	0	2968	2974
242	0	6673	6691
242	4	7357	7478
242	4	7479	7522
242	2	7500	7505
242	6	7676	7689
243	7	543	683
243	0	582	611
243	0	835	844
243	0	1476	1483
243	9	1929	2341
243	0	2045	2051
243	1	2984	3018
243	0	3045	3084
243	3	3262	3319
243	13	3286	3319
243	4	4433	4498
243	0	4580	4590
243	2	4583	4590
243	0	6524	6539
243	0	6813	6839
243	3	7009	7036
243	0	7134	7152
244	8	0	18
244	0	34	47
244	2	1021	1029
244	5	1106	1184
244	5	1556	1738
244	0	1586	1593
244	0	1616	1623
244	5	1740	1836
244	0	1919	1938
244	3	2094	2117
244	2	2158	2164
244	0	2330	2348
244	1	2469	2498
244	6	2819	2827
244	5	2934	2989
244	0	2978	2989
244	2	3012	3018
244	0	3266	3280
244	12	3692	3737
244	0	3970	3985
244	1	3991	4004
244	3	4523	4531
244	1	4682	4692
244	0	4758	4781
244	2	4774	4781
244	1	4814	4832
244	3	4835	4929
244	2	5254	5261
244	0	5330	5340
244	2	5645	5652
244	0	5920	5936
244	1	6056	6072
245	1	34	58
245	0	259	282
245	1	320	336
245	0	320	336
245	1	517	535
245	1	686	703
245	0	728	737
245	1	1414	1439
245	1	2006	2036
245	0	2088	2117
245	2	2346	2365
245	13	2539	2621
245	1	3350	3357
245	0	3527	3534
245	0	4818	4839
245	0	5051	5097
245	0	6052	6068
245	3	6213	6298
245	3	6587	6706
245	2	6748	6765
245	1	7129	7163
245	0	7131	7163
245	0	7186	7193
245	0	7654	7680
246	3	889	994
246	3	1444	1478
246	4	2183	2466
247	4	251	402
247	0	327	337
247	0	357	402
247	3	522	540
247	0	571	609
247	0	1039	1046
247	4	1167	1216
247	11	1178	1216
247	4	1218	1282
247	1	1838	1859
247	2	1866	1874
248	12	218	398
248	1	400	419
248	3	1317	1349
248	0	1317	1337
248	0	1836	1847
248	0	1969	1979
248	12	2018	2195
248	0	2566	2576
248	0	2814	2846
248	4	2848	2893
248	0	2879	2893
248	12	2926	3069
248	12	3071	3229
248	2	3594	3599
248	3	4064	4108
249	1	3040	3055
249	2	3646	3662
249	0	3716	3750
249	1	4228	4263
249	0	4228	4263
249	1	5204	5211
249	0	5483	5517
249	4	5519	5604
250	5	0	6
251	1	108	198
251	0	249	266
251	7	1647	1711
251	3	1714	1740
251	1	1987	1999
251	3	2377	2445
251	11	3195	3224
251	3	3857	3958
251	1	4547	4614
251	0	5318	5336
251	9	6516	6608
251	0	6650	6680
251	1	6710	6733
251	0	6800	6820
251	0	7354	7361
251	3	7367	7413
251	3	7416	7497
251	4	7546	7582
251	6	8091	8213
251	3	8216	8269
252	0	73	94
252	0	300	326
252	2	374	399
252	3	1270	1301
252	0	1281	1291
252	2	1349	1374
252	5	2989	3077
253	0	663	699
253	0	1475	1537
253	0	1624	1748
253	0	1990	2203
254	1	0	17
254	1	412	499
254	0	412	498
254	0	624	681
254	3	660	681
254	0	1046	1074
254	2	1753	1770
254	0	2061	2160
254	0	2437	2464
254	3	2622	2773
254	0	6660	6744
254	0	7098	7129
254	4	7155	7185
254	10	7638	7734
254	0	7829	7855
254	3	7857	7909
254	3	8479	8546
254	0	8548	8641
254	5	8643	8940
254	0	8797	8841
254	1	8811	8841
254	11	9232	9268
254	0	9456	9504
254	0	9836	10048
254	12	10678	10918
254	1	10802	10884
254	0	11273	11388
254	2	11390	11426
254	6	11575	11844
254	0	11846	12085
255	1	29	38
255	0	60	176
256	0	31	41
256	8	77	143
256	0	288	302
256	0	351	361
256	1	1716	1744
256	1	1864	1887
256	7	1983	2143
256	4	2486	2651
256	4	2666	2781
256	3	3139	3159
256	8	3455	3476
256	1	3695	3715
256	0	3898	3916
256	5	4178	4280
257	0	512	539
257	12	1471	1596
257	4	2815	2860
257	0	2817	2831
257	4	2959	3022
258	1	264	276
258	3	280	343
258	0	430	468
258	0	513	567
258	0	631	649
258	1	655	675
258	1	1450	1470
258	1	1490	1505
258	2	1490	1500
258	0	1947	1964
258	1	1971	1982
258	5	2003	2036
258	0	2441	2458
258	4	2461	2486
258	1	2461	2474
258	4	5043	5076
258	2	5078	5131
258	4	5078	5104
258	1	5106	5119
258	11	5157	5178
258	0	5223	5239
259	3	224	235
259	8	253	279
259	8	1004	1026
259	0	1579	1586
259	1	1996	2016
260	10	0	118
260	7	475	499
260	1	592	602
260	0	613	656
260	0	673	688
260	6	720	766
260	8	2408	2425
260	3	3729	3842
260	4	4993	5125
260	9	5153	5360
260	0	5373	5392
260	0	5982	5997
261	0	117	123
261	0	247	257
261	5	913	979
261	0	2005	2015
261	0	2228	2240
261	0	2346	2356
261	0	2645	2664
261	0	2676	2693
261	2	2897	2904
261	0	5039	5063
261	0	6339	6345
261	0	7117	7124
261	0	7126	7137
261	0	8923	8930
261	0	10594	10610
261	0	10932	10958
261	0	11592	11602
261	0	13636	13650
261	0	19751	19771
261	0	19791	19802
261	0	21756	21769
261	0	21780	21787
261	0	21957	21965
261	0	24320	24330
261	0	26848	26858
261	0	29196	29217
261	0	30487	30500
261	0	30672	30678
261	0	30891	30913
261	0	35346	35355
261	0	37049	37059
261	0	37308	37323
261	3	38123	38138
261	0	38139	38155
261	8	39477	39493
261	2	39495	39511
261	0	40148	40164
261	0	40268	40286
261	0	40294	40304
261	0	40423	40429
261	1	41236	41243
261	2	42861	42872
261	2	42927	42938
262	0	559	572
262	0	891	910
262	0	1224	1239
262	0	1320	1338
262	0	1634	1639
262	0	1873	1936
262	0	1972	2031
262	0	2039	2092
262	4	2327	2361
262	4	2363	2403
262	11	2462	2473
262	0	2709	2725
262	0	2983	2996
262	1	3113	3134
262	0	3174	3194
262	0	3268	3308
262	0	3609	3627
262	1	4716	4739
262	0	5143	5169
262	0	5692	5708
262	5	5912	6033
262	0	6324	6347
262	1	6843	6861
262	0	6870	6912
262	1	7385	7413
262	1	7594	7623
262	0	8294	8311
262	1	8398	8410
262	1	8599	8638
262	1	9328	9350
262	1	9452	9463
262	0	10874	10950
262	1	11332	11350
262	1	11495	11536
262	0	11650	11713
262	1	11821	11851
262	0	12146	12179
262	1	12432	12450
262	1	12473	12497
262	1	12801	12836
262	1	12876	12895
262	1	13347	13373
262	2	13361	13373
262	1	13819	13870
262	1	14348	14409
262	0	14960	14987
262	1	15231	15271
262	1	15622	15639
262	1	15645	15696
262	1	16385	16414
262	0	16520	16552
262	1	16817	16831
262	0	16889	16956
262	0	17728	17750
262	0	17844	17880
262	4	18650	18713
262	0	18762	18796
262	4	18859	19112
262	1	18962	18983
262	1	19301	19318
262	1	19752	19776
262	4	19841	20018
262	0	19959	20019
262	1	20251	20279
262	1	20737	20803
262	0	21073	21095
262	0	21313	21350
262	0	21604	21652
262	0	21927	21940
262	1	22078	22114
262	0	22676	22703
262	0	22803	22834
262	0	23402	23448
262	0	23536	23584
263	0	62	69
263	8	481	513
263	6	506	513
263	7	606	746
263	6	1243	1261
263	0	4352	4361
263	3	4376	4437
263	0	4380	4392
263	0	4397	4412
263	0	4719	4725
263	2	5024	5036
263	0	5295	5301
263	2	5302	5314
263	5	5639	5649
263	2	5811	5821
263	5	5870	5874
263	5	5910	5931
263	2	5989	5993
263	2	6281	6285
263	0	6301	6308
263	2	6330	6347
263	2	6359	6369
263	5	6373	6432
263	4	6670	6702
263	4	6703	6747
263	4	6748	6781
264	0	807	862
264	5	1215	1444
264	0	1222	1444
264	3	1383	1389
264	9	2138	2271
264	0	2273	2426
264	3	2335	2352
264	10	2556	2842
264	7	3033	3115
264	10	3033	3113
265	4	1793	1799
265	2	1914	1924
265	0	2018	2024
265	2	2131	2140
265	2	2437	2447
265	4	3958	3991
265	0	4035	4040
265	0	4045	4056
265	2	4062	4072
265	1	4170	4174
265	2	4529	4539
265	2	4688	4697
265	2	5224	5234
266	7	0	108
266	1	98	108
266	0	112	126
266	0	173	210
266	4	238	360
266	4	382	597
266	0	460	471
266	5	727	770
266	1	2662	2675
266	1	2681	2691
266	1	2721	2730
266	2	2809	2818
266	1	2892	2905
266	2	2911	2921
266	1	2932	2945
266	1	2959	2969
266	1	3085	3094
266	1	3326	3335
266	0	4699	4732
266	1	4963	4971
266	0	4972	4998
266	0	5533	5589
266	1	5923	6076
266	0	6149	6167
266	1	6255	6266
266	0	6346	6400
266	0	6785	6854
266	0	7029	7044
266	7	7046	7169
266	0	7079	7098
266	7	7261	7377
266	1	7411	7420
266	4	7516	7650
266	2	8553	8562
266	4	9062	9438
266	1	9062	9099
266	1	10249	10311
266	4	10346	10762
266	6	10346	10527
266	4	10765	10929
266	0	10840	10869
266	4	10931	11420
266	1	11255	11307
266	0	11333	11353
266	4	11423	11501
266	4	11503	11705
266	4	11707	11947
266	0	11802	11855
266	6	11857	11947
266	7	11987	12104
266	1	12069	12082
266	1	12131	12141
266	4	12322	12401
266	0	12365	12401
266	7	12449	12526
267	4	1	23
267	10	274	321
267	9	498	546
267	11	854	913
267	4	1013	1112
267	13	1629	1719
268	0	422	435
268	6	1291	1378
268	0	1304	1325
268	12	1474	1585
268	3	1543	1570
268	4	1634	1741
268	0	1670	1695
268	0	2117	2133
268	1	2148	2191
269	0	1438	1483
269	9	1616	1846
269	0	1868	1907
269	0	1941	1956
269	0	2134	2245
269	0	2293	2319
270	1	1000	1018
270	1	1020	1067
270	8	3117	3146
270	6	3133	3146
270	10	3244	3292
271	11	38	67
271	9	2235	2354
272	0	692	708
272	6	930	981
272	0	1013	1039
272	6	1041	1102
272	1	1402	1429
272	5	1596	1620
272	5	2181	2246
272	0	2548	2584
272	2	3149	3217
272	4	4131	4274
272	0	4889	4906
272	2	6934	6952
272	2	6974	6981
272	2	7018	7034
272	2	7069	7083
272	5	7160	7228
272	1	7574	7602
272	7	8894	8971
273	1	85	94
273	1	186	212
273	1	305	328
273	0	650	669
273	0	983	1001
273	7	1203	1347
273	0	1761	1770
273	1	1819	1858
273	1	2226	2239
273	1	2351	2382
273	0	2429	2447
273	2	2840	2884
273	11	4018	4068
273	11	4511	4544
273	3	4574	4602
273	1	4715	4742
273	4	5074	5132
274	3	14	33
274	0	154	169
274	1	1303	1321
274	1	1413	1431
274	3	1652	1701
274	3	1845	1888
274	3	2347	2381
274	0	2356	2371
274	2	2356	2371
275	10	255	347
275	0	361	370
275	8	601	612
275	0	710	722
275	2	777	787
275	4	1461	1513
275	2	3422	3432
275	10	3587	3621
275	2	3730	3750
275	2	3844	3864
275	1	4244	4252
275	0	4502	4536
275	2	4891	4911
275	8	5077	5119
275	6	5596	5599
275	6	5800	5803
275	10	5827	5905
275	2	6357	6376
275	6	6527	6530
275	6	6575	6584
275	10	6739	6882
275	2	6957	6974
275	2	6979	6989
275	3	6999	7038
276	4	863	897
276	4	898	975
276	6	1121	1166
276	0	1412	1423
276	0	1502	1535
276	0	1802	1827
276	12	1870	1912
276	12	1914	1953
276	0	2017	2026
277	4	8017	8133
277	0	11405	11421
277	5	11940	12022
277	11	12173	12206
278	1	31	49
278	12	51	89
278	9	819	1036
278	13	1232	1383
278	13	1384	1511
278	11	1456	1509
278	6	1512	1599
278	4	1512	1584
278	7	1697	1788
278	12	1790	1836
279	1	305	335
279	1	555	581
279	1	641	652
279	0	657	687
279	13	976	1049
279	9	976	1047
279	2	1482	1493
279	5	1659	1883
279	0	1910	1919
279	10	2132	2410
279	0	2431	2460
279	0	2723	2730
279	13	2917	3000
279	13	3283	3380
279	10	3514	3649
279	0	3538	3578
279	0	3623	3649
280	0	972	978
281	7	671	753
282	0	58	63
282	2	191	196
282	0	412	417
282	4	441	517
282	4	518	551
282	4	552	615
282	4	616	700
282	0	1247	1255
282	2	1899	1904
282	2	2361	2366
282	6	2774	2789
282	0	2825	2829
282	0	2844	2853
282	2	2996	3011
282	2	3110	3117
282	2	3172	3196
282	0	3276	3286
282	2	3297	3321
282	2	3333	3338
282	6	3621	3624
282	2	3784	3794
282	3	3992	4020
282	2	4232	4242
282	2	4343	4367
282	0	4644	4652
282	2	4690	4714
282	2	5052	5059
283	2	973	979
283	3	1106	1256
283	11	1418	1430
284	12	1831	1872
284	12	1905	1976
284	7	2312	2388
284	3	2725	2782
284	2	2858	2862
284	0	2921	2937
285	0	166	178
285	0	373	433
285	1	478	495
285	0	499	510
285	5	1233	1354
285	0	1464	1482
285	0	1622	1653
285	3	1701	1753
286	2	60	95
286	4	337	372
286	4	458	625
286	0	541	571
286	4	733	764
286	2	1908	1931
286	4	2364	2399
287	4	6367	6477
287	4	8080	8091
287	1	10584	10612
287	0	10584	10594
288	0	465	491
288	7	647	980
288	1	1057	1065
288	0	1758	1766
288	0	1868	1878
288	0	2003	2030
288	1	2036	2044
288	0	2056	2065
288	2	2196	2204
288	0	2489	2507
288	1	3150	3163
288	0	3372	3415
288	4	3829	3905
288	0	4399	4416
288	1	5610	5629
288	0	6207	6230
288	1	6351	6388
288	0	6456	6477
288	6	6481	6566
288	8	6697	6721
288	1	6965	6982
288	1	7520	7554
288	1	7787	7795
288	0	8200	8232
288	1	8987	8995
288	0	9008	9032
288	0	9044	9079
288	4	9166	9230
288	1	9222	9230
288	3	9370	9506
288	0	9597	9612
288	0	9629	9645
288	1	9866	9892
288	1	10107	10115
288	0	10488	10508
288	1	11050	11058
288	0	11179	11219
288	1	11556	11592
288	0	11639	11657
288	0	11800	11815
288	0	11856	11871
288	1	12040	12094
288	1	12154	12187
288	0	12217	12238
288	1	12449	12499
288	1	12729	12778
288	0	12848	12853
288	2	12986	12993
288	1	13260	13268
288	0	13487	13554
288	0	13598	13616
288	0	13740	13759
289	0	17	41
289	0	334	342
289	1	343	417
289	1	722	732
289	4	813	1045
289	1	1373	1476
289	0	1722	1740
289	4	1743	1825
289	0	2168	2191
289	1	2451	2491
289	4	2632	2753
289	0	2632	2644
289	5	2856	3300
289	13	2856	2965
289	0	3184	3203
289	0	3229	3250
290	7	2749	2825
290	6	4178	4192
291	7	52	160
291	11	162	174
291	0	198	212
291	0	229	247
291	13	418	499
291	1	765	789
291	2	1339	1353
291	2	1506	1520
291	5	2063	2268
291	11	3316	3333
291	2	3434	3448
291	2	3876	3890
291	2	5311	5325
291	0	5381	5406
291	0	5787	5806
291	1	5792	5806
292	5	0	13
292	1	39	52
292	5	60	80
292	1	101	114
292	5	244	299
292	9	588	628
292	5	638	655
292	9	1569	1600
292	5	1718	1735
292	9	2236	2327
292	5	2297	2327
293	3	178	205
293	0	182	205
293	1	234	245
293	0	502	525
293	1	543	559
293	1	756	791
293	0	830	869
293	1	1532	1545
293	0	1622	1644
293	5	1683	1868
293	6	1693	1868
293	4	1919	2050
293	1	1973	1982
293	1	2078	2107
293	1	2158	2185
293	2	2158	2167
293	8	2198	2226
293	8	2230	2258
293	0	2267	2291
293	3	2441	2468
293	6	2470	2703
293	0	2540	2563
293	1	2595	2605
293	12	2609	2661
293	2	2757	2775
293	1	2830	2853
293	7	2855	2941
293	8	2948	2976
293	0	2978	3024
293	0	3332	3371
293	9	3435	3609
293	1	3636	3662
293	8	3686	3714
293	0	3716	3725
293	1	3738	3760
293	1	3828	3837
293	9	3939	4427
293	0	4245	4269
293	0	4391	4409
293	0	4563	4568
293	9	4570	4710
293	0	4589	4606
293	1	4966	4999
293	1	5275	5286
293	2	5645	5658
293	1	5765	5772
293	2	5990	6001
293	1	6434	6461
293	0	6549	6588
293	9	6629	6655
293	1	6717	6726
293	0	7108	7131
293	1	7162	7179
293	6	7501	7576
293	1	7600	7632
293	1	7722	7773
293	1	7812	7832
293	10	7892	7927
293	0	8174	8192
293	0	8212	8241
293	3	8385	8432
293	0	8736	8753
293	0	8780	8788
293	1	8823	8862
293	0	8892	8912
293	1	8926	8950
293	0	8977	9022
293	0	9054	9078
293	1	9082	9102
293	1	9122	9129
294	3	216	240
294	8	374	389
294	3	422	438
294	9	440	860
294	3	642	665
294	3	744	800
294	11	1854	1958
294	1	2300	2334
294	3	2342	2359
294	0	2410	2465
294	1	2428	2434
294	1	2458	2465
294	12	2477	2707
294	1	2682	2705
294	12	2708	2847
294	4	2710	2754
294	1	2953	2959
294	1	2972	2979
294	1	3120	3133
294	1	3174	3262
295	11	219	233
295	0	701	709
295	4	2559	2678
295	9	2681	2918
295	6	3231	3323
295	4	3241	3324
296	0	192	216
296	0	245	252
296	9	569	644
296	0	1395	1476
296	0	1745	1763
297	1	0	26
297	0	94	111
297	0	616	630
297	9	713	831
297	0	713	725
297	9	938	997
298	3	143	183
298	0	2058	2064
298	0	2321	2332
299	1	45	66
299	0	67	70
299	1	276	297
299	6	314	343
299	0	314	319
299	0	378	385
299	1	386	408
299	1	424	457
299	0	447	457
299	2	542	559
299	6	571	623
299	0	594	599
299	0	640	658
299	3	640	658
299	6	664	738
299	1	664	716
299	0	706	716
299	6	828	957
299	1	876	893
299	0	928	933
299	3	974	992
299	0	974	992
299	6	998	1078
299	1	998	1050
299	0	1040	1050
299	1	1164	1176
299	0	1461	1494
299	3	1596	1633
299	8	2017	2033
299	1	2050	2074
299	6	2085	2118
299	0	2132	2147
299	1	2164	2174
299	0	2178	2210
299	0	3795	3820
300	6	531	546
300	1	648	660
300	3	1298	1314
300	1	2113	2122
300	5	2160	2290
300	2	3108	3117
300	0	3287	3292
300	5	3800	3836
300	2	3930	3939
300	0	4034	4046
300	6	8629	8648
301	1	0	23
301	1	53	73
301	0	105	122
301	1	124	143
301	2	124	134
301	6	362	492
301	1	559	602
301	0	678	725
301	6	973	1147
301	1	1986	2012
301	1	3323	3336
301	1	3442	3469
301	0	3962	4010
301	0	4298	4312
301	1	4691	4708
302	1	108	116
302	1	281	302
302	3	2097	2131
302	6	2145	2414
302	0	2225	2268
302	4	2269	2414
302	0	2557	2582
303	0	210	218
303	4	497	517
303	7	848	1011
303	4	1381	1394
304	0	448	493
304	4	567	675
304	4	814	887
304	0	967	1023
304	0	1628	1653
304	0	3248	3257
304	1	3521	3558
304	13	3521	3546
304	0	4178	4223
304	1	4401	4470
304	9	4721	4749
304	4	4865	4952
304	0	5402	5424
304	5	5448	5609
304	1	5714	5743
305	0	115	120
305	0	142	152
305	3	1160	1220
305	6	1226	1346
305	3	1375	1413
305	1	1824	1852
305	0	1828	1845
305	11	1975	2072
306	0	1184	1208
306	4	2262	2295
306	0	2311	2353
306	7	2388	2502
306	1	2683	2717
306	0	2751	2758
306	4	3552	3585
306	0	3701	3752
307	0	162	178
307	4	331	373
307	7	446	635
307	0	501	535
307	0	652	687
307	1	1916	1944
307	1	1950	1980
307	0	1981	2023
307	1	3805	3827
307	1	4272	4284
307	0	4413	4427
307	4	4563	4604
307	0	4579	4604
307	1	4589	4604
307	4	4739	4766
307	0	4754	4766
307	7	5330	5403
307	0	5528	5563
307	0	5587	5622
307	9	5942	6075
307	0	6484	6503
307	0	6657	6696
308	0	522	532
308	4	595	618
308	1	1540	1543
308	3	2414	2435
308	3	2470	2493
308	0	2520	2529
308	0	2572	2581
308	2	3115	3122
308	2	3164	3171
308	3	3185	3194
309	4	992	1001
309	4	2911	2939
309	0	3353	3363
309	4	3724	3747
309	4	3802	3966
309	0	3934	3952
310	1	398	410
310	3	416	448
310	4	770	1044
310	2	955	963
310	0	1025	1044
310	0	1367	1376
310	4	1600	1817
310	0	2063	2106
310	3	2200	2230
310	0	2324	2346
310	7	2422	2462
310	4	2492	2555
310	0	2511	2530
310	1	2588	2622
310	0	2626	2635
310	1	2831	2848
310	13	2851	2932
310	3	2949	3043
310	0	3095	3187
310	3	3207	3222
310	0	3309	3352
310	12	3364	3566
310	0	3369	3469
310	1	3888	3916
310	0	4110	4131
310	4	4183	4248
310	1	4494	4523
310	3	4947	4995
310	1	5207	5240
310	2	5207	5220
310	0	5379	5391
310	0	5976	6023
310	1	6039	6057
310	1	6063	6090
310	11	6197	6250
310	0	6262	6295
310	1	6415	6438
310	8	6856	6882
311	0	630	650
311	2	943	963
311	0	2547	2563
311	0	2724	2736
311	2	3370	3386
311	0	3967	3972
312	5	190	356
312	0	447	487
312	5	2060	2119
312	5	2175	2289
312	5	2886	3062
312	5	3410	3554
312	0	4494	4509
312	0	4836	4888
312	2	4871	4888
312	5	4890	4924
312	5	5511	5554
312	5	5692	5761
312	13	5692	5759
312	13	5785	5877
312	0	6742	6759
312	0	7155	7173
312	11	7653	7692
312	7	7653	7692
312	5	8030	8167
312	0	8519	8557
313	0	1264	1275
313	0	1377	1414
313	11	1377	1393
313	3	1701	1732
313	2	1830	1891
314	0	30	63
314	0	90	123
314	1	384	403
314	0	388	403
314	8	735	779
314	3	1374	1408
314	0	1463	1474
314	11	1888	1901
315	3	0	35
315	1	71	115
315	7	123	258
315	0	230	258
315	7	260	382
315	3	453	498
315	1	1045	1073
315	5	1090	1206
315	5	1564	1678
315	1	1689	1718
315	12	1780	1944
315	3	2164	2190
315	11	3044	3073
315	3	3706	3807
316	0	288	296
316	0	500	507
316	6	675	694
316	0	1681	1685
316	0	2352	2362
316	0	2463	2471
316	4	2550	2764
316	0	2992	3003
316	0	3574	3578
316	0	3701	3707
316	0	4675	4681
316	0	4924	4933
316	4	5496	5541
316	0	5497	5509
316	0	5513	5522
316	4	5891	6090
316	4	6332	6366
316	0	7112	7118
316	1	7224	7235
316	0	7247	7251
316	0	8497	8514
316	2	8701	8718
316	0	8747	8765
316	9	10188	10225
316	0	10403	10413
316	0	11038	11048
317	1	0	8
317	0	423	440
317	1	1628	1642
317	1	2632	2640
317	1	2644	2651
317	1	2655	2662
317	1	2666	2674
317	1	2678	2684
317	1	2688	2694
317	1	2698	2712
317	0	2720	2744
317	4	2747	2878
317	1	3161	3184
317	0	4125	4132
317	1	5313	5330
317	0	5517	5525
317	8	5753	5774
317	10	6198	6259
318	1	7	20
318	0	216	220
318	0	225	241
318	7	306	398
318	7	1493	1574
318	0	1742	1762
318	1	2379	2395
318	1	2639	2680
318	0	3017	3025
318	8	3070	3104
318	2	3371	3376
318	2	3428	3433
318	2	3486	3491
318	2	3526	3531
318	8	3832	3846
318	8	3851	3868
318	10	4647	4905
318	6	5049	5068
318	5	5147	5185
318	0	5251	5267
319	5	1943	2078
320	0	764	770
320	0	1711	1730
320	5	1818	1849
320	9	2157	2342
320	1	4009	4023
321	0	259	276
321	5	351	496
321	0	563	579
321	6	614	735
321	1	662	688
321	0	698	735
321	0	1306	1337
321	8	1629	1656
321	6	1657	1721
321	5	1723	1819
321	0	2207	2240
321	0	2249	2273
321	0	2312	2360
321	0	3497	3542
321	6	3987	4075
321	2	4462	4493
321	1	4664	4699
321	1	4789	4820
321	0	4882	4898
321	3	5035	5079
321	3	5166	5219
321	0	5166	5219
321	6	5890	5993
321	0	5983	5993
321	5	5995	6131
322	0	138	158
322	0	950	1042
322	0	1367	1418
322	4	1702	1830
322	1	2058	2114
322	7	4226	4381
322	0	4383	4570
322	0	6069	6164
323	4	124	231
324	9	1955	2197
324	12	2492	2673
324	0	2505	2519
325	0	24	47
325	0	357	416
325	0	599	623
325	0	678	688
325	0	1127	1152
325	0	1305	1323
325	2	1383	1405
325	0	1411	1500
325	4	1532	1745
325	1	1583	1611
325	4	1937	2253
325	2	2121	2138
325	4	3609	3676
325	4	3864	3956
325	0	3926	3942
325	0	4340	4357
325	3	4460	4501
325	7	4504	4782
325	0	4636	4656
325	5	4963	5181
325	1	4974	5056
325	1	5167	5181
325	1	5472	5484
326	0	8	26
326	0	646	685
326	0	2119	2134
326	3	2271	2316
326	0	2380	2402
326	3	2527	2553
326	1	2807	2823
326	7	2825	2940
326	0	3179	3189
327	3	118	150
327	0	128	142
327	6	222	254
327	4	257	315
327	0	476	492
327	6	892	1084
327	3	977	996
327	12	1111	1252
327	2	1579	1594
327	3	2372	2403
327	0	2468	2478
327	0	2536	2561
327	0	2638	2667
327	4	2787	2874
327	1	2795	2812
327	3	2877	2913
327	0	2952	2970
327	0	3050	3069
327	0	3931	3959
327	5	3990	4147
328	0	70	92
328	5	70	92
328	0	135	167
328	4	542	608
328	3	668	704
328	0	907	921
328	5	924	1185
328	0	940	957
328	3	970	1024
328	0	1948	1959
328	2	1951	1959
328	3	2017	2042
328	2	2085	2095
328	0	2138	2148
328	0	2231	2241
328	0	2394	2404
328	7	2629	2748
328	0	2750	2766
329	0	45	60
329	2	478	493
329	0	727	734
329	0	843	866
329	2	934	942
329	3	980	988
329	0	1371	1381
329	2	1536	1545
329	0	1705	1713
329	0	1719	1727
329	1	1825	1853
329	0	1859	1868
329	3	2472	2491
329	10	3228	3359
329	8	3254	3287
329	2	3309	3317
329	2	3339	3347
330	0	2704	2709
330	6	3114	3143
331	0	23	42
331	3	69	117
331	1	69	88
331	0	84	88
331	0	292	310
331	3	359	422
331	0	752	794
331	7	910	1003
331	3	910	956
331	3	1110	1161
331	1	1110	1133
331	0	1129	1133
331	0	1164	1215
331	6	1217	1309
331	0	1265	1269
331	0	1967	1984
331	0	2019	2045
332	12	1775	1816
332	12	1849	1920
332	0	3364	3371
332	1	3490	3506
332	7	3636	3712
332	0	4138	4148
332	6	4475	4484
332	1	4511	4529
332	6	4565	4576
332	0	4586	4593
332	0	4629	4637
332	6	4638	4650
332	6	4692	4711
333	2	15	25
333	0	200	218
333	0	640	646
333	2	3420	3430
333	2	3829	3839
333	2	4424	4434
333	0	4816	4830
333	2	4836	4846
333	2	4985	4992
334	12	169	177
334	12	905	915
334	9	1169	1383
334	5	1235	1306
334	0	1332	1349
334	9	1385	1536
334	6	1457	1536
334	9	1538	1599
334	9	1865	2088
334	0	1919	1934
334	3	2028	2040
334	0	2028	2040
335	1	388	414
335	0	490	520
335	13	899	972
335	0	1173	1207
335	1	1313	1356
335	2	3752	3766
335	6	3829	4015
335	0	6029	6043
335	0	6201	6207
335	0	6754	6784
335	11	7013	7040
335	5	7337	7433
335	10	7337	7433
336	3	685	725
336	9	1228	1280
337	0	949	972
338	0	31	62
338	0	242	263
338	2	2257	2276
339	0	193	210
340	5	2645	2735
341	11	380	406
341	11	409	427
341	0	409	427
341	4	429	535
341	5	1129	1200
341	2	2307	2314
341	4	2849	2991
341	0	2923	2935
341	6	2994	3049
342	0	110	142
342	7	1366	1501
342	0	2798	2874
342	1	3032	3055
342	1	3656	3688
342	7	4811	4934
342	1	4944	4978
342	0	5950	6079
342	11	6296	6318
342	1	6320	6343
342	0	9221	9252
342	0	9393	9408
342	5	9630	9695
342	1	11470	11661
342	0	11573	11606
342	0	11720	11770
343	8	18	38
343	1	40	51
343	1	78	91
343	8	285	313
343	1	319	330
343	1	415	449
343	1	485	532
343	1	575	599
343	12	720	805
343	0	846	875
343	0	990	1041
343	1	1105	1116
343	3	1138	1178
343	1	1356	1374
343	13	1383	1459
343	1	1504	1544
343	1	1553	1573
343	0	1614	1631
343	12	1659	1752
343	13	1713	1752
344	1	945	984
344	2	1225	1237
344	3	1415	1514
344	1	2427	2456
345	5	981	1153
346	0	147	151
346	1	2262	2272
346	1	2280	2292
346	10	4198	4249
346	5	4307	4320
346	10	4427	4497
346	0	4779	4787
346	10	5776	5811
346	0	7582	7594
346	0	7925	7943
346	1	8607	8630
346	12	9598	9650
346	0	10340	10350
346	0	10851	10860
346	8	12045	12087
347	0	170	230
347	2	2349	2369
348	4	380	567
348	3	1749	1847
348	5	1976	2018
348	6	2020	2177
348	4	2673	2886
348	1	2823	2831
348	4	3669	3812
349	0	10	25
349	1	28	48
349	0	93	115
349	0	339	355
349	3	600	675
349	0	616	625
349	8	1142	1192
349	0	1431	1439
349	0	1763	1775
349	13	2409	2429
349	4	4807	4937
349	0	4915	4917
349	3	5409	5449
349	0	5413	5416
349	4	5451	5630
349	0	5540	5546
349	0	5816	5818
349	0	6010	6034
349	11	6015	6034
349	6	6035	6319
349	4	6035	6253
349	0	6077	6085
349	12	6321	6456
349	6	6670	6817
349	4	7007	7014
349	6	7210	7364
349	0	7504	7507
349	13	7712	7855
349	0	7944	7967
349	0	9260	9276
349	0	9871	9883
349	7	10692	10784
349	3	11088	11127
349	0	11129	11152
349	0	11347	11359
349	0	11525	11529
349	13	11763	11862
349	0	11983	11995
349	3	12052	12201
349	0	12065	12084
349	0	12531	12562
349	0	12580	12606
349	0	12782	12797
349	6	12851	12891
349	0	12967	12970
349	0	13117	13120
349	2	13289	13308
349	0	14080	14082
349	2	14288	14313
349	0	14486	14493
350	0	1728	1735
350	6	1978	2004
350	4	2418	2537
350	4	2538	2565
350	0	3178	3201
350	0	3304	3321
350	5	3846	3937
350	5	3938	3961
351	0	1399	1417
351	1	1857	1886
352	4	303	504
352	0	1303	1326
352	7	1450	1552
352	0	1489	1525
352	0	1555	1564
352	1	2878	2914
352	4	2953	3233
352	1	3659	3670
352	3	4046	4083
353	5	25	61
353	9	25	61
353	1	25	36
353	2	53	61
353	0	53	61
353	0	204	238
353	5	223	275
353	2	223	230
353	3	239	275
353	2	470	477
353	9	661	717
353	5	684	717
353	9	926	1018
353	5	1109	1140
353	7	1418	1495
353	5	1919	1984
353	7	1987	2041
353	4	2102	2176
353	9	2412	2475
353	5	2412	2473
354	12	457	573
354	0	489	526
354	11	575	599
354	12	616	732
354	11	734	757
354	4	813	847
354	7	934	997
354	5	1095	1251
354	6	1329	1362
354	5	1882	1969
354	10	2408	2699
354	5	2409	2697
354	0	2754	2812
354	5	3303	3459
355	0	12	31
355	0	45	56
355	0	104	111
355	0	158	176
355	0	208	227
355	1	303	328
355	3	340	411
355	1	379	411
355	1	503	510
355	12	1297	1341
355	0	1439	1458
355	7	1474	1513
355	4	1882	2009
355	0	1957	1970
355	0	2157	2170
355	1	2300	2314
355	0	2303	2314
355	4	2369	2544
355	0	2398	2414
355	4	2546	2730
355	0	2638	2648
355	1	2675	2696
355	0	2712	2730
356	5	50	80
356	0	62	71
356	2	176	194
356	2	788	806
356	5	955	1003
356	2	976	994
357	0	1113	1133
357	0	1258	1266
357	0	1924	1933
357	4	2303	2349
357	0	2316	2331
357	0	2954	2972
357	0	4804	4852
357	0	5191	5208
357	2	5809	5826
357	2	5832	5850
357	2	5887	5903
357	2	6093	6111
357	2	6123	6139
357	2	6460	6476
357	2	6669	6685
357	2	6919	6935
357	0	7942	7961
357	4	8001	8054
357	0	8365	8402
357	2	9264	9272
357	3	9804	9833
357	4	10680	10702
357	0	11690	11756
358	4	0	68
358	4	88	156
358	4	279	599
358	0	321	338
358	0	467	501
358	1	537	560
358	4	601	701
358	1	769	783
358	4	1332	1603
358	1	1458	1494
358	3	2747	2771
358	0	3234	3251
358	4	3435	3575
358	1	3471	3495
358	4	3577	3663
358	4	3926	4137
358	0	3984	3997
358	0	4085	4124
358	4	4139	4315
358	1	4208	4315
358	1	4461	4493
358	1	4498	4527
358	4	4529	5328
358	3	4788	4853
358	3	4928	4985
358	0	5057	5061
358	1	5089	5131
358	1	5159	5170
358	4	5330	5611
358	1	5397	5428
358	2	5890	5902
358	3	6817	6841
358	1	7085	7091
358	4	7442	7747
358	1	7492	7518
358	1	7979	7999
358	4	8213	8374
358	4	8377	8738
358	1	8401	8488
358	0	8493	8500
358	1	8524	8545
358	1	8596	8626
358	4	8795	9138
358	0	8861	8909
358	3	9006	9057
358	0	9108	9121
358	7	9140	9474
358	0	9664	9677
358	4	9679	9859
358	1	9824	9859
358	7	9861	10096
358	4	10098	10408
358	13	10098	10204
358	1	10151	10176
358	0	10177	10185
358	12	10353	10408
358	0	10536	10541
358	4	10543	10755
358	1	10733	10755
358	1	10775	10855
358	1	10904	10929
358	4	10931	11012
358	4	11539	11664
358	3	11539	11623
358	2	11631	11640
358	4	11969	12058
358	0	12099	12112
358	1	12138	12184
358	5	12187	12265
359	0	1136	1167
359	0	1708	1771
359	5	1955	1994
359	7	2172	2334
359	5	2355	2379
359	0	2622	2641
359	0	4033	4049
359	4	4332	4473
359	11	4544	4615
359	0	4933	4956
359	4	5091	5216
359	5	5557	5773
360	0	493	502
360	4	563	822
360	11	1272	1285
360	4	1769	1866
360	0	1943	1995
360	4	1997	2265
360	4	3072	3149
361	0	730	745
361	8	2380	2389
361	4	3047	3068
361	1	3964	3977
361	0	4244	4259
361	0	4439	4447
361	0	4464	4485
362	0	149	172
362	0	755	774
362	0	787	804
362	7	993	1069
362	0	1641	1660
362	7	3843	3984
362	0	4199	4205
362	0	5243	5254
362	1	5258	5274
362	6	5797	5816
362	0	5950	5969
362	0	6237	6257
362	2	6389	6408
362	0	7163	7170
363	1	9	32
363	1	500	510
363	0	534	586
363	6	598	655
363	3	780	818
363	3	1025	1088
363	3	1177	1197
363	0	1269	1295
363	1	1371	1403
363	3	1378	1403
363	1	1507	1533
363	0	1605	1702
363	1	1639	1656
363	3	1780	1794
363	1	1827	1842
363	0	2048	2078
363	1	2140	2188
363	1	2228	2280
363	0	2308	2345
363	0	2356	2376
363	0	2498	2523
363	12	2944	3003
363	0	3160	3177
363	1	3326	3349
363	0	3402	3435
363	0	4460	4480
363	0	4610	4684
363	0	4846	4900
363	0	4926	4960
363	1	5113	5130
363	4	5333	5484
363	0	5731	5754
363	0	7619	7636
363	0	7846	7852
363	0	7906	7917
363	1	7970	8005
364	0	966	984
364	0	1222	1239
364	0	1382	1407
364	4	1419	1612
364	0	1479	1511
364	4	1615	1772
364	4	1774	1886
364	1	1926	1965
364	3	2070	2106
364	4	2609	2739
364	0	2710	2739
364	0	2965	2986
364	0	3247	3274
364	0	3306	3340
364	4	3343	3462
364	1	3476	3535
364	9	3554	3695
364	0	3700	3713
364	4	3715	4118
364	0	3728	3749
364	0	4015	4030
364	0	4043	4118
364	4	4120	4323
364	0	4141	4162
364	0	4172	4226
364	1	4183	4206
365	0	166	235
365	2	526	541
365	6	2211	2240
366	0	339	350
366	0	461	467
366	3	1447	1457
366	3	1658	1671
366	2	2267	2276
366	2	2635	2644
367	8	44	62
367	1	120	136
367	3	137	148
367	0	149	160
367	0	162	168
367	0	174	183
367	1	1245	1262
367	2	1321	1337
367	2	1538	1554
367	2	1728	1744
367	0	1770	1794
367	0	1935	1959
367	2	2018	2034
367	2	2245	2261
367	0	2318	2325
367	0	2329	2338
367	0	2343	2359
367	2	2838	2854
367	2	3066	3082
367	2	3207	3224
367	0	3735	3740
367	0	3933	3941
367	0	4123	4129
367	2	4212	4229
367	0	4298	4309
367	0	4504	4513
367	5	4696	4736
367	2	4856	4874
367	0	5547	5553
367	0	5985	6015
367	8	6232	6251
367	8	6301	6314
367	2	6302	6314
368	0	76	84
368	0	110	122
368	1	185	211
368	2	248	262
368	0	274	280
368	2	309	318
368	2	333	341
368	0	371	383
368	3	692	700
368	0	965	981
368	2	973	981
368	2	1158	1166
368	0	1172	1180
368	0	1230	1239
368	2	1247	1265
368	2	1284	1296
368	2	1301	1315
368	0	1391	1398
368	2	1727	1734
368	2	2153	2161
368	2	2420	2427
368	2	2580	2594
368	7	2652	2713
368	3	2890	2943
368	0	3091	3099
368	0	3238	3251
368	0	3273	3284
368	6	3288	3299
368	0	3326	3341
369	6	0	85
369	6	87	172
369	0	280	298
369	6	792	840
369	0	897	930
369	5	1520	1636
369	0	1621	1636
369	7	1670	1774
369	0	1968	1999
369	3	2062	2102
369	8	2291	2318
369	5	2360	2474
369	1	2529	2552
369	6	2919	2959
370	0	0	17
370	1	254	290
370	1	705	719
370	0	970	981
370	3	1053	1105
370	0	1284	1363
370	0	1365	1375
370	1	1411	1424
370	1	1470	1483
370	0	1516	1529
370	0	1593	1619
370	5	1621	1675
370	0	2132	2150
370	1	2205	2238
370	0	2311	2359
370	0	2430	2443
370	3	2812	2868
370	0	3031	3086
370	1	3134	3156
370	3	3559	3589
370	3	3782	3801
370	9	3811	3868
370	3	3911	3931
370	3	3956	3996
370	0	4015	4037
370	0	4166	4190
370	6	4192	4309
370	1	4369	4390
370	0	4500	4518
370	1	4639	4664
370	1	4724	4742
370	3	4819	4851
370	3	5066	5120
370	0	5391	5423
370	3	5495	5554
370	0	5881	5892
370	0	6160	6182
370	3	6230	6271
370	0	6409	6450
370	3	6660	6740
370	1	6845	6907
370	0	7459	7495
370	1	7606	7639
370	1	7661	7680
370	0	7890	7931
370	0	8032	8048
370	0	8129	8166
370	3	8247	8265
370	0	8777	8790
370	0	8957	8999
370	1	8957	8978
370	1	9160	9176
370	0	9186	9203
370	0	9302	9329
370	0	9362	9378
370	1	9405	9459
370	0	9460	9471
370	0	9689	9714
370	0	9818	9846
370	0	9916	9946
370	0	9967	10009
370	2	10177	10186
370	3	10201	10274
370	2	10436	10444
370	0	10457	10469
370	3	10568	10629
370	0	10585	10616
370	12	11055	11168
370	0	11280	11303
370	3	12230	12261
370	0	12529	12547
370	2	13164	13180
370	0	13644	13675
370	12	13771	13837
370	0	14075	14095
370	0	14289	14314
370	12	14328	14403
370	0	14424	14441
371	0	75	89
371	0	199	214
371	0	1564	1569
371	3	3317	3349
371	3	3377	3395
371	0	3470	3505
371	0	3570	3580
371	0	3687	3700
372	1	393	404
372	1	482	492
372	10	601	725
372	1	1557	1574
372	6	1894	1907
372	1	2005	2043
372	0	2057	2089
372	0	2276	2289
372	10	2291	2489
372	0	2858	2885
372	0	2993	3013
372	1	3017	3033
372	3	4010	4090
372	0	5796	5816
372	0	5915	5935
372	0	6064	6084
372	6	6522	6541
372	0	6636	6662
373	1	125	144
373	0	1025	1047
373	0	1451	1492
373	0	1673	1744
373	0	1952	1976
373	5	2865	2889
373	1	4630	4651
373	1	4694	4712
374	0	1369	1376
374	0	1381	1391
374	12	2307	2350
374	12	2356	2414
374	12	2432	2516
374	6	3019	3036
374	5	3937	3949
374	12	4053	4079
375	6	216	242
375	3	846	859
375	0	894	903
375	6	972	992
376	0	12	21
376	0	160	172
376	0	251	259
376	0	1428	1432
376	0	1811	1820
376	0	1957	1966
376	0	2169	2173
376	2	2177	2184
376	0	2583	2587
376	2	3682	3689
376	2	3732	3742
376	0	6464	6474
376	6	7346	7359
376	0	7579	7590
376	2	8158	8168
376	2	8491	8498
376	1	8521	8530
376	1	8532	8546
376	0	8532	8539
376	1	8613	8616
376	2	9458	9465
376	2	10416	10440
376	2	10525	10552
376	2	10660	10675
376	2	10768	10775
376	2	10826	10833
376	6	10865	10882
376	6	11982	11997
377	4	187	289
377	3	235	256
377	11	330	368
377	0	403	435
377	1	446	469
377	5	568	904
377	3	615	658
377	2	698	717
377	0	907	911
377	3	1004	1048
377	2	1033	1048
377	4	1058	1143
377	3	1114	1143
377	1	1245	1252
377	1	1338	1352
377	5	1961	2088
377	4	2091	2505
377	0	2154	2185
377	1	2270	2282
377	2	2306	2343
377	3	2306	2342
377	3	2444	2505
377	2	2444	2459
377	9	2507	2591
377	3	2609	2629
377	9	2631	2879
377	3	2777	2796
377	9	2881	2962
377	0	3004	3031
377	5	3007	3031
377	1	3019	3031
377	1	3208	3230
377	9	3299	4011
377	0	3370	3381
377	1	3385	3397
377	7	3489	3644
377	1	3725	3740
377	0	3835	3855
377	0	3846	3855
377	0	3897	3904
377	1	3909	3929
377	2	3921	3929
377	9	4094	4541
377	0	4223	4259
377	3	4243	4259
377	1	4290	4351
377	3	4310	4351
377	3	4353	4404
377	0	4397	4404
377	3	4572	4603
377	2	4588	4603
377	12	4605	4724
377	4	4726	4789
377	1	4750	4789
378	0	0	35
378	1	97	129
378	0	294	466
378	0	1123	1150
378	0	1264	1282
378	0	1465	1488
378	0	1992	2020
378	10	2022	2210
378	0	2530	2575
378	7	2893	3218
378	4	3079	3218
378	2	4102	4106
378	0	5115	5139
378	0	5339	5439
378	2	5473	5478
378	2	5502	5506
378	5	5787	5926
378	0	5927	6036
378	2	5942	5947
379	8	46	61
379	0	100	117
379	1	154	160
379	1	528	569
379	8	606	621
379	0	775	800
379	8	860	888
379	0	894	936
379	3	1538	1642
379	0	2166	2189
379	10	2412	2457
379	4	2678	2717
379	1	2760	2774
380	1	30	44
380	1	218	237
380	0	249	285
380	1	322	341
380	1	369	392
380	0	430	473
380	1	513	534
380	0	714	729
380	1	862	876
380	2	862	868
380	1	926	945
380	0	957	993
380	1	1459	1482
380	0	1559	1626
380	13	1611	1626
380	1	1670	1693
380	0	1733	1788
380	3	2091	2136
380	0	2095	2107
380	7	2238	2379
380	1	2303	2319
380	1	2443	2459
380	7	2462	2574
380	0	2487	2497
380	1	2501	2519
380	0	2714	2758
380	0	2775	2795
380	1	2799	2819
380	7	2822	2915
380	1	2857	2915
380	0	3041	3051
380	1	3121	3141
380	1	3150	3165
380	6	3649	3693
380	9	3996	4079
380	1	4053	4079
380	9	4082	4169
380	0	4240	4258
380	0	4278	4299
380	3	4441	4499
380	0	4803	4825
380	0	4847	4855
380	1	4890	4929
381	4	76	102
381	4	364	405
381	9	546	624
381	6	597	624
381	9	837	954
381	2	1040	1093
381	6	1074	1093
381	4	1992	2104
381	4	2420	2438
381	1	2420	2438
381	4	2510	2570
382	0	198	227
382	0	405	423
382	3	1237	1313
382	0	1239	1284
382	3	1628	1675
382	13	2040	2168
382	0	2387	2403
382	13	2586	2623
382	10	2810	2850
382	3	2879	2923
382	0	2957	2968
382	2	3089	3129
382	2	3158	3202
382	0	3236	3247
382	5	3542	3595
383	8	45	49
383	2	153	157
383	8	159	183
383	0	304	313
383	2	392	417
383	0	626	637
383	1	797	817
383	6	906	915
383	1	1047	1061
383	0	1347	1357
383	1	1373	1388
383	2	1400	1404
383	3	1448	1488
383	1	1656	1666
383	2	1734	1738
383	0	1779	1801
383	8	1919	1941
383	2	2311	2327
383	1	2311	2326
384	0	2296	2312
385	1	225	260
385	1	368	403
385	0	421	428
385	0	509	513
385	0	604	636
385	4	645	742
385	0	1090	1106
385	4	1794	1861
385	9	3538	3671
385	2	6046	6058
385	11	6851	6898
385	1	6929	6946
385	1	7133	7153
385	11	7201	7218
385	11	7731	7744
385	0	8306	8314
385	0	8907	8922
385	3	9194	9218
385	0	13378	13403
385	1	13405	13432
385	0	13500	13507
385	0	13997	14021
385	1	14278	14294
385	0	14627	14644
385	0	14809	14822
385	5	15614	15630
385	11	16495	16517
385	11	16987	17002
385	0	17741	17758
385	0	18366	18386
385	4	18426	18473
385	1	18429	18448
385	9	18656	18706
385	0	18738	18761
385	0	18932	18958
385	0	19054	19073
385	0	19377	19401
385	0	19466	19544
385	0	19546	19578
385	0	21304	21337
385	0	21375	21389
385	0	21538	21553
385	1	21766	21785
385	2	21886	21905
385	1	22024	22037
385	5	22303	22521
385	1	22719	22752
385	0	22774	22811
385	5	23321	23414
385	0	23700	23714
385	0	23757	23780
385	0	23823	23867
385	0	24443	24488
385	0	24898	24905
385	0	25127	25146
385	4	26581	26625
386	0	358	367
386	0	460	465
386	0	504	507
386	0	1070	1077
386	0	1224	1244
386	0	2572	2589
386	0	2593	2606
386	1	2625	2646
386	0	2944	2950
386	0	3830	3836
386	10	4159	4173
387	1	4	18
387	1	78	89
387	0	179	186
387	10	283	293
387	10	295	315
387	0	362	372
387	11	437	447
387	0	569	575
387	2	600	606
387	11	664	693
387	0	718	726
387	0	1031	1039
387	0	1045	1051
387	6	1918	1931
387	0	2194	2213
387	0	2268	2275
387	0	2561	2583
387	4	2696	2765
387	0	2861	2868
387	0	3650	3660
387	0	3672	3679
387	0	3849	3869
387	0	4851	4872
388	3	630	669
389	0	962	1013
389	1	1296	1317
389	8	1783	1798
389	9	2149	2196
389	0	2698	2734
389	13	3778	3984
389	3	4355	4463
389	13	4555	4677
389	7	5222	5332
389	1	5251	5271
390	2	200	223
390	2	295	311
390	8	434	471
390	6	434	471
390	5	543	636
390	6	1317	1358
390	6	1386	1457
390	6	1649	1678
390	1	1703	1715
390	2	1774	1789
390	8	2014	2024
390	1	2167	2179
390	0	2211	2217
390	1	2246	2259
390	13	2297	2360
390	10	3359	3444
391	1	94	108
391	3	427	469
392	0	1066	1072
392	0	1110	1118
392	0	1166	1173
392	0	1322	1331
392	0	1336	1343
392	1	1690	1695
392	0	1707	1716
392	1	1806	1820
393	5	1203	1375
394	5	81	110
394	6	112	119
394	0	345	352
394	2	365	372
394	0	652	661
394	0	772	786
394	10	4451	4468
394	6	6123	6139
394	0	7056	7068
394	9	7222	7241
394	1	7384	7390
394	10	8032	8157
395	0	259	279
395	7	361	467
395	0	1396	1430
395	1	3082	3099
395	7	3580	3741
395	0	3658	3663
395	12	3828	3985
395	7	4865	5006
395	1	5556	5579
395	0	5743	5773
395	8	5775	5791
396	0	1106	1123
396	0	1150	1204
396	9	2684	2815
396	8	2735	2758
397	0	60	86
397	0	108	119
397	3	245	271
397	0	641	779
397	0	1217	1227
397	3	1385	1423
397	5	1570	1765
397	0	1570	1600
397	6	1907	1984
397	3	2777	2812
397	0	2794	2812
397	0	3515	3529
398	5	1705	1824
399	0	726	736
399	0	1154	1164
399	0	1306	1325
399	3	2207	2221
399	3	2343	2353
399	0	2899	2916
399	0	5837	5872
399	0	14078	14088
399	0	14144	14156
399	0	15508	15534
399	4	16086	16116
399	0	16086	16116
399	2	16377	16385
399	0	17133	17143
399	0	21111	21119
400	8	16	39
400	0	70	87
400	0	288	319
400	8	323	346
400	0	924	960
400	1	2338	2356
400	0	2405	2430
400	0	2694	2708
400	0	2871	2876
400	0	3158	3173
400	0	5159	5195
400	1	5394	5414
400	4	6056	6347
400	9	6678	6784
400	0	7626	7677
400	8	7814	7853
400	7	8200	8310
400	1	8209	8231
400	1	8337	8365
400	0	8567	8585
400	0	8686	8710
400	4	9173	9282
400	7	9303	9384
400	0	9661	9697
401	1	0	11
401	5	21	58
401	5	160	267
401	2	339	374
401	9	602	714
401	2	820	857
401	5	1721	1753
401	1	1735	1746
402	0	119	141
402	0	305	321
402	0	1755	1783
402	7	1971	2046
402	0	4048	4053
402	0	4149	4170
402	0	4271	4292
402	2	4391	4412
402	0	4521	4541
402	11	5552	5571
402	4	5614	5663
403	1	0	34
403	0	327	341
403	0	1488	1494
403	1	1508	1566
403	1	1569	1590
403	4	1833	1884
403	4	1938	2026
403	1	2818	2838
403	4	3360	3385
403	3	5207	5218
403	4	5865	6089
403	4	6563	6604
403	0	6619	6636
403	4	6798	6835
403	11	6882	6904
403	4	7141	7216
403	3	7512	7547
403	5	7552	7607
404	7	111	184
404	3	278	389
404	0	503	527
404	7	694	833
404	0	1113	1127
404	0	1151	1162
404	1	1234	1245
404	3	1372	1390
404	0	1750	1759
404	7	2379	2485
404	8	2625	2698
404	0	3108	3118
404	7	4583	4947
404	7	6374	6406
404	1	6788	6827
404	1	6922	6961
404	1	7592	7621
404	0	7981	8009
404	4	8420	8479
404	2	8903	8976
404	5	9024	9133
404	4	9166	9295
404	0	9170	9177
404	1	9590	9606
404	0	9651	9660
404	1	9849	9867
404	5	10056	10226
404	0	10554	10580
404	11	10582	10639
404	0	10681	10700
404	4	10733	10815
404	0	11201	11245
404	0	11262	11280
404	0	12262	12282
404	0	12413	12427
404	0	12557	12573
404	0	12887	12920
404	0	12952	12974
404	3	13460	13476
404	3	13570	13592
404	3	13629	13645
404	3	13779	13797
404	10	14593	14726
404	0	14771	14890
404	7	14892	15109
404	7	15401	15484
404	0	15655	15688
404	1	15722	15748
404	0	15762	15781
404	3	15843	15905
404	3	15990	16052
404	0	16281	16322
404	2	16567	16576
404	1	16590	16658
404	0	16977	17007
404	7	17289	17340
404	0	17465	17488
404	3	17543	17581
404	3	17648	17724
404	1	18269	18309
404	7	18451	18671
404	1	19644	19717
404	0	19871	19878
404	0	19920	19936
404	3	20377	20446
404	0	20399	20425
404	0	20485	20533
404	0	20595	20629
404	7	21752	21843
404	0	21934	21955
404	0	22330	22358
404	7	22360	22575
405	0	128	157
405	6	1689	1790
405	4	1689	1765
405	11	2647	2664
405	2	2783	2857
405	4	2914	2988
406	1	4	22
406	0	206	217
406	0	290	298
406	0	415	420
406	0	434	467
406	1	1598	1613
406	0	1620	1624
406	0	1804	1821
406	1	1916	1934
406	0	3182	3190
406	3	6528	6597
406	0	7655	7660
407	1	184	206
407	3	557	612
407	0	854	869
407	6	1044	1206
407	1	1120	1142
407	6	1208	1321
407	0	1223	1241
407	4	1243	1321
407	1	1247	1299
407	1	1304	1321
407	3	1388	1483
407	0	1685	1706
407	6	1900	1990
407	0	1939	1960
407	9	2932	2997
407	0	3468	3482
407	1	3723	3773
407	4	4039	4203
407	9	4205	4572
407	0	5130	5150
408	0	783	834
408	8	887	899
409	2	478	491
409	8	493	528
409	0	1017	1031
409	0	1498	1517
409	1	1538	1543
409	11	1640	1667
409	2	1756	1770
409	1	1857	1870
409	0	1895	1918
409	2	2062	2076
409	0	2161	2169
409	2	2242	2254
409	2	2385	2399
409	2	2500	2512
409	2	2602	2614
409	2	2833	2847
409	2	3008	3022
409	0	3289	3293
409	4	3295	3336
409	0	3330	3336
410	8	116	140
410	2	1452	1465
410	2	1645	1658
410	6	1875	1890
410	6	2295	2306
411	3	148	157
411	1	228	244
411	0	319	322
411	3	440	456
411	6	683	720
411	6	1510	1513
411	0	1606	1618
411	2	1719	1722
411	2	1760	1763
411	12	2050	2176
411	7	2339	2392
411	7	2780	2838
411	2	2944	2967
411	2	3010	3023
411	3	3153	3160
411	3	3311	3319
411	0	3334	3343
411	6	3483	3501
411	2	3662	3686
411	0	3766	3776
411	2	3787	3811
411	10	4196	4254
411	6	4274	4277
411	3	4482	4510
411	6	4722	4725
411	2	4833	4857
411	2	5180	5204
411	2	5221	5225
411	0	5455	5462
411	8	5653	5668
411	6	5686	5713
411	3	6229	6246
411	0	6314	6322
411	7	6327	6352
411	0	6577	6588
412	4	557	644
412	0	1083	1248
412	0	1429	1550
412	4	2617	2789
412	0	2792	2881
412	1	2803	2827
412	0	2904	2927
412	9	3137	3197
412	0	3393	3674
412	0	4323	4478
412	0	5527	5556
412	4	5924	6161
412	11	7698	7726
413	5	214	263
413	5	1928	1966
414	5	37	98
414	0	168	309
414	5	391	570
414	3	572	729
414	10	2490	2594
414	4	2751	2838
414	10	3673	3733
414	10	3840	3886
414	1	3903	3925
414	0	3903	3925
414	0	3941	3962
414	0	3978	4008
414	10	4325	4417
414	13	5116	5333
414	10	5527	5589
414	12	5787	5934
414	0	6338	6377
414	0	6673	6846
414	5	6847	7044
414	5	7276	7398
414	10	7424	7546
414	5	7552	7698
414	5	7933	8111
414	0	7933	7967
415	0	0	5
415	0	160	173
415	0	482	499
415	0	1053	1064
415	2	1091	1096
415	0	1789	1822
415	0	2458	2486
415	1	2475	2486
416	2	2216	2270
416	2	2357	2453
416	3	2455	2565
417	0	86	101
417	3	160	178
417	0	165	172
417	1	292	320
417	6	384	464
417	3	466	560
417	0	475	481
417	4	2509	2712
417	1	2537	2584
417	0	2596	2616
417	9	2946	3341
417	0	3635	3651
417	12	4687	4758
418	0	50	58
418	1	62	91
418	4	93	281
418	0	217	236
418	6	242	281
418	0	1260	1268
418	1	5083	5102
418	4	5221	5426
418	4	5704	5794
418	0	6542	6575
418	4	7254	7366
418	0	8476	8487
418	0	9281	9297
419	1	359	368
419	5	2778	2810
419	0	4302	4319
419	0	4575	4587
419	10	5775	5900
420	1	306	327
420	4	353	371
420	4	577	693
420	2	675	692
420	4	694	784
420	4	1997	2029
420	4	2393	2453
420	4	5882	5948
421	0	150	155
421	6	2162	2178
421	1	3263	3276
421	0	3435	3448
421	1	3494	3519
421	0	4285	4305
421	0	4525	4549
421	2	4660	4672
421	10	4729	4791
421	3	4858	4897
421	0	4869	4890
421	2	4875	4880
422	9	1616	1905
422	9	2022	2251
422	0	2537	2564
423	6	663	678
423	3	1300	1306
423	0	3915	3920
423	6	6074	6077
423	6	6195	6198
423	3	6376	6386
423	3	6417	6424
423	2	6609	6625
423	2	6715	6731
423	2	6804	6820
423	2	6884	6900
424	2	193	207
424	2	684	698
424	2	1017	1029
424	2	1481	1494
424	2	2312	2325
424	2	2393	2406
424	2	2475	2482
424	2	2697	2703
424	2	2866	2879
424	2	2922	2928
424	2	3172	3178
424	2	3206	3219
424	2	3557	3573
425	5	0	32
425	0	15	22
425	5	34	70
425	0	42	70
425	1	57	70
425	1	239	250
425	9	1035	1063
425	9	1297	1404
425	0	2403	2426
425	9	2579	2643
425	5	2981	3010
425	0	3016	3078
426	0	144	160
426	0	166	185
426	0	1435	1455
426	0	1605	1622
426	4	1632	1698
426	4	2609	2665
427	12	1024	1029
427	0	2618	2759
427	12	2665	2703
428	0	758	802
429	1	95	113
429	1	150	171
429	1	1316	1341
430	0	29	77
430	0	316	397
430	10	657	705
430	9	708	752
430	7	754	1017
430	3	841	847
430	9	1018	1342
430	11	1563	1603
430	10	3356	3482
430	5	3510	3676
430	0	4126	4166
430	10	4237	4365
430	9	4586	4678
431	0	297	307
431	5	483	566
431	5	636	719
432	1	61	82
432	0	411	417
432	0	1053	1367
432	1	1493	1512
432	5	1604	1724
433	4	39	89
433	4	251	312
433	2	754	778
433	11	809	833
433	4	1007	1052
433	2	1033	1052
433	4	1494	1738
433	2	1494	1537
434	0	253	287
434	6	314	470
434	0	472	485
434	6	573	973
434	0	1561	1580
434	1	1616	1648
434	0	1705	1754
434	1	3068	3181
434	0	3156	3165
434	13	4561	4757
434	1	5057	5070
434	5	5073	5222
435	7	1441	1653
435	0	1641	1653
435	5	1902	2063
435	7	2426	2763
435	4	2765	2862
435	13	3083	3111
435	0	3292	3313
435	0	3345	3354
435	8	3356	3368
435	13	3460	3527
435	0	3662	3691
435	0	3877	3924
436	0	45	67
436	9	834	846
436	10	983	1127
436	0	1029	1063
436	1	1302	1322
436	0	1338	1505
436	1	1445	1467
436	10	2177	2229
436	10	2240	2345
436	9	2479	2572
436	10	2682	2753
436	10	4118	4224
437	3	521	555
437	6	591	717
437	4	719	765
437	3	1614	1653
437	1	1695	1709
437	0	1913	1984
437	0	2315	2340
437	5	2417	2617
437	0	2509	2516
437	0	2649	2669
437	1	2784	2813
437	1	2939	2987
437	3	2993	3104
437	3	3121	3207
437	0	4452	4468
437	3	4606	4637
437	1	4918	4946
437	1	5293	5321
437	0	5764	5781
437	5	6012	6118
437	0	6098	6118
437	1	6572	6614
437	0	6616	6637
437	12	6643	6815
437	1	6901	6939
437	0	7343	7379
437	0	7622	7650
437	0	8016	8043
437	4	8137	8443
437	1	8391	8411
437	3	8413	8443
437	3	8859	8883
437	3	9158	9198
437	0	9158	9198
437	0	9213	9224
437	12	9310	9385
437	3	9340	9385
437	1	9526	9542
437	13	9600	9695
437	1	10195	10220
437	7	10283	10382
437	0	10458	10479
437	8	10786	10806
437	5	11481	11572
437	0	11634	11667
437	5	11683	11779
437	0	11732	11750
437	5	11785	11876
437	8	11820	11876
437	5	11960	12070
438	0	3936	3945
